    0.0043632371
    0.0057886098
    0.0073858342
    0.0090360349
    0.0105140739
    0.0113803653
    0.0113169172
    0.0104509448
    0.0091369129
    0.0076977479
    0.0047262599
    0.0067498746
    0.0091348626
    0.0118153215
    0.0146978447
    0.0166626334
    0.0165695802
    0.0147591805
    0.0121973541
    0.0096563727
    0.0042474018
    0.0066012427
    0.0095564657
    0.0131462931
    0.0178709385
    0.0223448695
    0.0233466275
    0.0202060452
    0.0154934424
    0.0113147710
    0.0024381045
    0.0041359950
    0.0065032822
    0.0098456083
    0.0152741203
    0.0228336490
    0.0267630390
    0.0227291067
    0.0161750068
    0.0109752261
   -0.0000009081
    0.0002527734
    0.0006095368
    0.0012583933
    0.0031295942
    0.0075007226
    0.0116535052
    0.0115284778
    0.0089698516
    0.0063425533
   -0.0018216322
   -0.0029393657
   -0.0051789840
   -0.0094025420
   -0.0159275459
   -0.0219371713
   -0.0211515113
   -0.0134438145
   -0.0062450434
   -0.0024443243
   -0.0024356211
   -0.0040594758
   -0.0079647660
   -0.0170916936
   -0.0331062639
   -0.0486712461
   -0.0493206387
   -0.0347542374
   -0.0198208231
   -0.0106908495
   -0.0022939570
   -0.0035673548
   -0.0069785195
   -0.0158137793
   -0.0305303359
   -0.0429424641
   -0.0430182370
   -0.0330467915
   -0.0217540044
   -0.0134990007
   -0.0022697962
   -0.0034030628
   -0.0059782185
   -0.0112501974
   -0.0186472726
   -0.0245504733
   -0.0255160819
   -0.0219443527
   -0.0166805134
   -0.0118686808
   -0.0023640435
   -0.0033629451
   -0.0050944415
   -0.0077619250
   -0.0109450556
   -0.0135015009
   -0.0143693536
   -0.0134230468
   -0.0113672874
   -0.0090251131
    0.0046737583
    0.0063653080
    0.0082655335
    0.0102576287
    0.0121322619
    0.0131978818
    0.0129620461
    0.0117550962
    0.0101088672
    0.0084001353
    0.0052764498
    0.0079559099
    0.0110418185
    0.0144284160
    0.0189572404
    0.0219147494
    0.0208167818
    0.0177148627
    0.0141407141
    0.0109043440
    0.0048988691
    0.0084453261
    0.0128618252
    0.0173637408
    0.0252448370
    0.0335323725
    0.0340506411
    0.0273679030
    0.0194684969
    0.0134858204
    0.0025962286
    0.0050778414
    0.0086395473
    0.0132883122
    0.0222295261
    0.0412138995
    0.0529942497
    0.0378597426
    0.0229977256
    0.0142246587
   -0.0003488373
   -0.0000016675
    0.0006860213
    0.0018558101
    0.0050283355
    0.0163567827
    0.0280076807
    0.0239391507
    0.0158798393
    0.0098098776
   -0.0020364007
   -0.0032018117
   -0.0055382792
   -0.0102715755
   -0.0192727050
   -0.0308107216
   -0.0312155156
   -0.0160153687
   -0.0046382335
   -0.0007908675
   -0.0020232775
   -0.0031208607
   -0.0064184695
   -0.0188180923
   -0.0488439597
   -0.0762114535
   -0.0836227962
   -0.0540349406
   -0.0250976319
   -0.0116854027
   -0.0013212963
   -0.0012054221
   -0.0016860150
   -0.0132597280
   -0.0423840149
   -0.0680721231
   -0.0653883352
   -0.0454216802
   -0.0266811532
   -0.0151695654
   -0.0013794134
   -0.0017724985
   -0.0035340633
   -0.0098885154
   -0.0210028451
   -0.0303310956
   -0.0316488418
   -0.0261938426
   -0.0189814963
   -0.0129389992
   -0.0018204298
   -0.0026004997
   -0.0042203138
   -0.0071610624
   -0.0110735755
   -0.0144348330
   -0.0156873558
   -0.0146162962
   -0.0122025783
   -0.0095184430
    0.0047959766
    0.0067149063
    0.0088544478
    0.0110938181
    0.0133191393
    0.0145434028
    0.0140857775
    0.0125831671
    0.0107051776
    0.0088278320
    0.0056105040
    0.0091428609
    0.0131410564
    0.0168120637
    0.0252014902
    0.0296712231
    0.0246166868
    0.0197546509
    0.0153828797
    0.0116909632
    0.0053473108
    0.0112346016
    0.0206300511
    0.0245331440
    0.0422285742
    0.0562922766
    0.0461291913
    0.0335252088
    0.0223752576
    0.0149920881
    0.0022556295
    0.0058364858
    0.0118368688
    0.0182043954
    0.0307778727
    0.0852312937
    0.0592654795
    0.0294168895
    0.0169519360
   -0.0012875751
   -0.0011842763
   -0.0002617543
    0.0016074649
    0.0039850885
    0.0319140677
    0.0670427260
    0.0460447061
    0.0259767843
    0.0138673238
   -0.0025046416
   -0.0038500263
   -0.0060820119
   -0.0087146577
   -0.0095084513
   -0.0161442629
   -0.0260466482
   -0.0062958687
    0.0030091722
    0.0025536233
   -0.0015531668
   -0.0018118451
   -0.0014587080
   -0.0117291915
   -0.0483251355
   -0.0715116997
   -0.0272679291
   -0.0110897070
   -0.0001431467
    0.0025661297
    0.0216717710
    0.0223643075
   -0.0486095483
   -0.0932078187
   -0.0834663211
   -0.0553278960
   -0.0294139422
   -0.0155789826
   -0.0002866279
    0.0004756956
    0.0011338353
   -0.0048781099
   -0.0197704137
   -0.0331074352
   -0.0353352076
   -0.0284610444
   -0.0199174411
   -0.0131814385
   -0.0011513550
   -0.0015888187
   -0.0028289234
   -0.0056212132
   -0.0098717697
   -0.0139576114
   -0.0157753450
   -0.0148435033
   -0.0123398711
   -0.0095410581
    0.0046306383
    0.0066737326
    0.0089516557
    0.0113087704
    0.0136256560
    0.0148170322
    0.0142543221
    0.0126915892
    0.0107895095
    0.0089020383
    0.0054148688
    0.0097399526
    0.0150958533
    0.0187036662
    0.0349023875
    0.0393689626
    0.0254975655
    0.0198313126
    0.0154714157
    0.0118081915
    0.0050179381
    0.0148811957
    0.0603171554
    0.0495894988
    0.0337462074
    0.0225899300
    0.0152810032
    0.0007971583
    0.0051371085
    0.0168411998
    0.0320235921
    0.0614574239
    0.0665074537
    0.0311255006
    0.0179911135
   -0.0031979155
   -0.0044228927
   -0.0043957070
    0.0006426677
    0.0061880137
    0.1504421867
    0.1507268494
    0.0824324057
    0.0373816963
    0.0170411556
   -0.0033191814
   -0.0052602979
   -0.0083252365
   -0.0075165430
    0.0446151673
    0.1450436140
    0.0635245283
    0.0216265745
    0.0068511704
   -0.0011071557
   -0.0010825406
    0.0046385660
    0.0133208497
    0.0328799623
   -0.0611777085
   -0.0221559183
   -0.0085146741
    0.0009533062
    0.0050468439
   -0.0183899830
   -0.0825934748
   -0.0777507910
   -0.0533339172
   -0.0274208839
   -0.0141830980
    0.0007904963
    0.0024392860
    0.0059902300
    0.0037411386
   -0.0090696823
   -0.0271682532
   -0.0327781975
   -0.0268707683
   -0.0187563507
   -0.0123523805
   -0.0004685800
   -0.0005639348
   -0.0012873115
   -0.0033500614
   -0.0070767985
   -0.0116127176
   -0.0142199546
   -0.0138163049
   -0.0116198009
   -0.0090201426
    0.0041268855
    0.0061534545
    0.0085470760
    0.0111507694
    0.0133228707
    0.0140588714
    0.0134779491
    0.0120889313
    0.0103605543
    0.0086166876
    0.0043581206
    0.0084861571
    0.0140760715
    0.0213223533
    0.0365453371
    0.0299923728
    0.0213914026
    0.0178475376
    0.0143987114
    0.0112421320
    0.0030234773
    0.0138747427
    0.0362830750
    0.0269330740
    0.0199181786
    0.0142663720
   -0.0024545318
   -0.0005988059
    0.0133686677
    0.0748941912
    0.0405296852
    0.0262997916
    0.0168158124
   -0.0062587815
   -0.0110447883
   -0.0168923972
   -0.0027355145
    0.0663100197
    0.0380327160
    0.0171377094
   -0.0043386925
   -0.0071142600
   -0.0121961690
   -0.0120000439
    0.1129747726
    0.0328937932
    0.0092480552
   -0.0002998984
    0.0004061775
    0.0151557571
    0.1172930198
    0.0720941771
   -0.0270654580
   -0.0119134215
   -0.0049267711
    0.0023765131
    0.0062946383
   -0.0333858623
   -0.0532797147
   -0.0379828310
   -0.0208445197
   -0.0112548671
    0.0018125097
    0.0037267970
    0.0081412051
    0.0188428601
    0.0426833688
   -0.0097291315
   -0.0238237336
   -0.0214883191
   -0.0156442013
   -0.0105731009
    0.0001239883
    0.0002339239
   -0.0001513443
   -0.0011797645
   -0.0034474728
   -0.0080157788
   -0.0113839496
   -0.0117220749
   -0.0101496092
   -0.0080228530
    0.0033452443
    0.0052642896
    0.0079410152
    0.0114105409
    0.0137927540
    0.0134700990
    0.0123686953
    0.0110460624
    0.0095478707
    0.0080372755
    0.0025418614
    0.0053186142
    0.0093699324
    0.0261188519
    0.0541550431
    0.0210166080
    0.0168757492
    0.0150734125
    0.0126373061
    0.0101803771
   -0.0006116440
    0.0034328859
    0.0338576576
    0.0948921388
    0.0238667216
    0.0193639746
    0.0160961772
    0.0124265771
   -0.0071860557
   -0.0129663326
   -0.0174377765
    0.1173804446
    0.0264785579
    0.0201971739
    0.0193435931
    0.0141974372
   -0.0099470243
   -0.0205712525
   -0.0405930457
   -0.0025480506
    0.1376465322
    0.0559634672
    0.0242652155
    0.0142639371
   -0.0052350142
   -0.0081889628
   -0.0107881580
    0.0142212925
    0.1190850108
    0.2928081699
    0.0734850761
    0.0187499744
    0.0085936096
    0.0012054543
    0.0061376252
    0.0333545061
    0.2635278928
    0.0482598197
   -0.0017954954
   -0.0034144783
   -0.0018076788
    0.0047808967
    0.0226430196
   -0.0021296640
   -0.0233819120
   -0.0204043125
   -0.0130820049
   -0.0078140014
    0.0028145462
    0.0052467389
    0.0071480379
    0.0216831688
    0.0030132225
   -0.0142258672
   -0.0148536398
   -0.0116710876
   -0.0083102319
    0.0005559187
    0.0007104792
    0.0002681169
   -0.0003080634
   -0.0012941476
   -0.0050347805
   -0.0083580487
   -0.0091856644
   -0.0082796964
   -0.0067408065
    0.0024341326
    0.0042009835
    0.0072044653
    0.0117245426
    0.0146045373
    0.0131766074
    0.0112339538
    0.0098054027
    0.0085123742
    0.0072628362
    0.0005804758
    0.0021990143
    0.0070662490
    0.0431839660
    0.0262134051
    0.0147117268
    0.0125231755
    0.0106941826
    0.0088750197
   -0.0043175041
   -0.0062964549
   -0.0058416001
    0.0539314235
    0.0386883813
    0.0178267373
    0.0144504836
    0.0126406368
    0.0103588434
   -0.0115466320
   -0.0251540900
   -0.0541809918
    0.1621917665
    0.0172780737
    0.0140477752
    0.0140868737
    0.0113494375
   -0.0129149255
   -0.0284060897
   -0.0580170655
    0.0626942049
    0.0264380255
    0.0154597858
    0.0109914757
   -0.0058071424
   -0.0080768131
   -0.0019806926
    0.0869463485
    0.0398514979
    0.0119609633
    0.0071370616
    0.0023813526
    0.0112743241
    0.0372853607
    0.1658873336
    0.0165984614
    0.0156238435
    0.0055226105
    0.0010454243
    0.0002226472
    0.0063862890
    0.0336419957
    0.0329458573
   -0.0063341205
   -0.0100578023
   -0.0093881884
   -0.0071141894
   -0.0048379820
    0.0033551411
    0.0061893677
    0.0054603789
    0.0017636965
    0.0122304001
   -0.0008205420
   -0.0083227592
   -0.0094258283
   -0.0080230598
   -0.0060969215
    0.0007722112
    0.0009007019
    0.0002725320
   -0.0005782723
   -0.0013612307
   -0.0036550635
   -0.0059981614
   -0.0068375500
   -0.0064092305
   -0.0054040347
    0.0015391003
    0.0030551884
    0.0059041416
    0.0101750778
    0.0128635685
    0.0116681985
    0.0097570898
    0.0084279176
    0.0073699587
    0.0063871140
   -0.0009842677
   -0.0000544895
    0.0046249072
    0.0250862307
    0.0474898383
    0.0211124682
    0.0124025877
    0.0101740956
    0.0088062752
    0.0075157098
   -0.0066559134
   -0.0108236179
   -0.0141891868
    0.0021078128
    0.0337676304
    0.0176646275
    0.0124777253
    0.0108513990
    0.0098010760
    0.0084009802
   -0.0136235052
   -0.0291736259
   -0.0649099352
   -0.0532058009
    0.0001205824
    0.0138653287
    0.0108405441
    0.0108046106
    0.0104555480
    0.0088652547
   -0.0139091837
   -0.0294145825
   -0.0606111805
    0.0013226698
   -0.0048353686
    0.0302904404
    0.0178416301
    0.0113460173
    0.0084508325
   -0.0060679311
   -0.0079114336
   -0.0015831981
    0.0622799886
    0.0671350913
    0.0337045316
    0.0266169796
    0.0097350908
    0.0059161624
    0.0020356858
    0.0089174930
    0.0239787884
    0.0522899176
    0.0291111585
   -0.0010935297
    0.0074181863
    0.0059303241
    0.0026490751
    0.0012467818
    0.0053805672
    0.0164102560
    0.0355451663
    0.0119821941
   -0.0001541699
   -0.0059760053
   -0.0049098200
   -0.0041315449
   -0.0035227491
   -0.0027357458
    0.0030006128
    0.0049766670
    0.0038320438
   -0.0006901200
   -0.0012423574
   -0.0029796588
   -0.0052068180
   -0.0058290582
   -0.0052708281
   -0.0042709248
    0.0007510934
    0.0008476085
    0.0002326751
   -0.0007628326
   -0.0016706962
   -0.0030041760
   -0.0043649963
   -0.0049740754
   -0.0048015593
   -0.0041905595
    0.0007612293
    0.0019185670
    0.0041086849
    0.0071585338
    0.0091998254
    0.0089437185
    0.0078635320
    0.0069548410
    0.0062014066
    0.0054847586
   -0.0019684435
   -0.0015749198
    0.0012699293
    0.0089795153
    0.0152132093
    0.0120662803
    0.0091167336
    0.0078740274
    0.0070472478
    0.0062116707
   -0.0073444364
   -0.0113857095
   -0.0149439939
   -0.0110176444
    0.0001775265
    0.0055383788
    0.0072113687
    0.0076441694
    0.0074079970
    0.0066616591
   -0.0131183557
   -0.0251500557
   -0.0477155530
   -0.0645131739
   -0.0428412764
   -0.0113791566
    0.0031852176
    0.0071043333
    0.0075781019
    0.0067945426
   -0.0128746111
   -0.0244109236
   -0.0456361700
   -0.0622255269
   -0.0529230650
   -0.0160279141
    0.0076607561
    0.0102074283
    0.0081606982
    0.0064208443
   -0.0060135997
   -0.0078916288
   -0.0066685732
    0.0032725993
    0.0060624773
    0.0083828044
    0.0181020451
    0.0127793040
    0.0072273759
    0.0047278925
    0.0007251374
    0.0043795516
    0.0110904588
    0.0179994085
    0.0104215466
    0.0028130045
    0.0047250689
    0.0044154955
    0.0026686242
    0.0015327492
    0.0033085088
    0.0070850960
    0.0089698279
    0.0050119939
    0.0001292530
   -0.0024009099
   -0.0021322957
   -0.0017684468
   -0.0016493789
   -0.0014507341
    0.0021018216
    0.0031457776
    0.0024969284
    0.0002162544
   -0.0013246297
   -0.0024267304
   -0.0033153075
   -0.0036280462
   -0.0034177412
   -0.0029263842
    0.0005470081
    0.0006125714
    0.0001516793
   -0.0006804204
   -0.0015317051
   -0.0024192583
   -0.0032108328
   -0.0036038947
   -0.0035460833
   -0.0031893993
    0.0001616145
    0.0009514347
    0.0024162688
    0.0043577501
    0.0058397665
    0.0062087244
    0.0059263518
    0.0055139251
    0.0050819493
    0.0046137358
   -0.0024139623
   -0.0023806422
   -0.0010001422
    0.0022407612
    0.0053407748
    0.0061642370
    0.0060008099
    0.0057838417
    0.0054810559
    0.0050270172
   -0.0068634465
   -0.0098855576
   -0.0123176791
   -0.0110903281
   -0.0055209154
    0.0001140017
    0.0035013258
    0.0050281262
    0.0054258487
    0.0051731923
   -0.0111037225
   -0.0186155670
   -0.0291512540
   -0.0355218471
   -0.0269275070
   -0.0109495425
   -0.0002886965
    0.0040857643
    0.0052479668
    0.0050877123
   -0.0107403589
   -0.0178854366
   -0.0281361934
   -0.0356475885
   -0.0292238712
   -0.0120144603
    0.0007850151
    0.0051113995
    0.0054054218
    0.0047150439
   -0.0056185207
   -0.0073656829
   -0.0081889859
   -0.0068699348
   -0.0043623139
    0.0002826672
    0.0052453064
    0.0060289821
    0.0047370187
    0.0035406656
   -0.0005485221
    0.0010044107
    0.0034784086
    0.0053168789
    0.0037707866
    0.0021025805
    0.0026352956
    0.0027196343
    0.0020409529
    0.0013868505
    0.0015449994
    0.0030868749
    0.0037893985
    0.0027260577
    0.0007136881
   -0.0006405617
   -0.0008467806
   -0.0007764913
   -0.0007776475
   -0.0007534977
    0.0011737640
    0.0017083070
    0.0014415527
    0.0003668484
   -0.0007580534
   -0.0016034593
   -0.0021260988
   -0.0023193775
   -0.0022477873
   -0.0020080707
    0.0002607195
    0.0002974207
   -0.0000091413
   -0.0005978131
   -0.0012599717
   -0.0018848747
   -0.0023801304
   -0.0026332525
   -0.0026218143
   -0.0024154620
