   -0.0087751413
   -0.0088398004
   -0.0077635138
   -0.0054384124
   -0.0026816123
   -0.0004417897
    0.0011905663
    0.0023611390
    0.0030932198
    0.0034391978
   -0.0124585907
   -0.0137304483
   -0.0131950740
   -0.0098194905
   -0.0049549695
   -0.0010432340
    0.0016298788
    0.0034040325
    0.0043624792
    0.0046776865
   -0.0167645583
   -0.0205253725
   -0.0224070369
   -0.0188279954
   -0.0104289310
   -0.0028859525
    0.0019382173
    0.0047599477
    0.0060157379
    0.0062190742
   -0.0197199381
   -0.0258591255
   -0.0308182645
   -0.0278697699
   -0.0152844626
   -0.0035886213
    0.0031659930
    0.0068133100
    0.0081409460
    0.0080317327
   -0.0190639330
   -0.0246951639
   -0.0287578289
   -0.0245049854
   -0.0100134749
    0.0013318575
    0.0064281236
    0.0096020318
    0.0105531002
    0.0099302732
   -0.0150449146
   -0.0179409367
   -0.0185639914
   -0.0129169557
   -0.0015304542
    0.0044324278
    0.0065954730
    0.0104536682
    0.0122002601
    0.0114853209
   -0.0099843587
   -0.0104889169
   -0.0092252905
   -0.0049235501
   -0.0001309248
   -0.0008226830
    0.0003484879
    0.0082998756
    0.0126792791
    0.0123203002
   -0.0057162417
   -0.0048405439
   -0.0026796794
    0.0007839637
    0.0026889009
    0.0002353206
    0.0015959130
    0.0089251028
    0.0126334778
    0.0120670029
   -0.0028056606
   -0.0014140194
    0.0007729217
    0.0032512411
    0.0045301561
    0.0044065486
    0.0060564443
    0.0094555451
    0.0110764732
    0.0105155606
   -0.0011297904
    0.0001729373
    0.0018389264
    0.0034618897
    0.0045758957
    0.0053707917
    0.0065908491
    0.0080325992
    0.0087201941
    0.0084271644
   -0.0095981242
   -0.0096804773
   -0.0082091997
   -0.0049261439
   -0.0013953091
    0.0007564546
    0.0021348654
    0.0031782102
    0.0037991435
    0.0040180057
   -0.0142458287
   -0.0161477508
   -0.0154837500
   -0.0098585705
   -0.0025312460
    0.0009915260
    0.0031175435
    0.0047321404
    0.0054978794
    0.0055677924
   -0.0201819034
   -0.0266093572
   -0.0315690787
   -0.0262889126
   -0.0113936189
   -0.0015024749
    0.0037014536
    0.0067438668
    0.0077589174
    0.0075320114
   -0.0246330344
   -0.0360628546
   -0.0503162901
   -0.0496422278
   -0.0229861723
   -0.0037487085
    0.0049868950
    0.0097283601
    0.0107265201
    0.0098805961
   -0.0238825783
   -0.0343201871
   -0.0463384537
   -0.0436264241
    0.0111477292
    0.0149045512
    0.0144731094
    0.0124517603
   -0.0182619164
   -0.0234065189
   -0.0263869825
   -0.0175649729
    0.0174999848
    0.0147679455
   -0.0114430101
   -0.0124809763
   -0.0117347586
   -0.0056750097
    0.0039170703
   -0.0062742857
   -0.0108878121
    0.0115480014
    0.0189212710
    0.0162862475
   -0.0061215229
   -0.0050184991
   -0.0020342010
    0.0043974224
    0.0087634532
   -0.0041579820
   -0.0043940678
    0.0147417848
    0.0192867238
    0.0159734488
   -0.0027254475
   -0.0008131173
    0.0024627672
    0.0064639355
    0.0079958149
    0.0057113020
    0.0079213754
    0.0139039406
    0.0152854209
    0.0132643956
   -0.0009080421
    0.0008066119
    0.0030693002
    0.0051597835
    0.0062584289
    0.0067959884
    0.0082514111
    0.0101588061
    0.0107685580
    0.0099934156
   -0.0101692873
   -0.0102039662
   -0.0082318370
   -0.0036353043
    0.0008486388
    0.0023127137
    0.0031844601
    0.0040645021
    0.0045349025
    0.0045904894
   -0.0156594314
   -0.0181055637
   -0.0170014118
    0.0047518119
    0.0050024096
    0.0063466725
    0.0067714080
    0.0064847993
   -0.0232560470
   -0.0329454947
   -0.0432405145
    0.0024405705
    0.0064295902
    0.0094882116
    0.0098461153
    0.0089234580
   -0.0294636727
   -0.0484854455
   -0.0037946133
    0.0066372190
    0.0138148903
    0.0138432259
    0.0118309994
   -0.0287569345
   -0.0459172976
    0.0192610317
    0.0150673974
   -0.0213456930
   -0.0292822610
   -0.0363802744
    0.0249404633
    0.0183266201
   -0.0124627223
   -0.0136933042
   -0.0149298059
    0.0294711814
    0.0210179819
   -0.0062570997
   -0.0048519160
   -0.0009020885
    0.0312591520
    0.0207024201
   -0.0025487196
    0.0000716357
    0.0053042265
    0.0118985708
    0.0139230201
    0.0076280958
    0.0117798319
    0.0218604060
    0.0209876806
    0.0162643178
   -0.0006522957
    0.0015953694
    0.0047276063
    0.0073369716
    0.0081593895
    0.0082768158
    0.0100926407
    0.0125599035
    0.0129228368
    0.0115041563
   -0.0103717154
   -0.0102779133
   -0.0079215185
   -0.0023176728
    0.0029374573
    0.0034436639
    0.0040737230
    0.0049126909
    0.0052248920
    0.0051001159
   -0.0163238389
   -0.0188821205
   -0.0171179601
    0.0068752026
    0.0081607148
    0.0080749189
    0.0073354233
   -0.0250688057
   -0.0368976499
   -0.0514442202
    0.0110360067
    0.0133371688
    0.0121742451
    0.0102478545
   -0.0328242052
   -0.0584015009
    0.0203481570
    0.0172961566
    0.0136272635
   -0.0325795546
   -0.0559694751
    0.0234136894
    0.0172257215
   -0.0237641852
   -0.0342183138
   -0.0451458432
    0.0212517868
   -0.0125527899
    0.0424649773
    0.0253296588
   -0.0060160955
    0.0249113597
   -0.0023692583
    0.0011622497
    0.0197051336
    0.0090928582
    0.0171652005
    0.0314383145
    0.0263344558
    0.0186735139
   -0.0004503084
    0.0023872404
    0.0067408523
    0.0096810813
    0.0096117454
    0.0092930598
    0.0115495598
    0.0145030567
    0.0145823124
    0.0126121398
   -0.0101533817
   -0.0098418557
   -0.0074196511
   -0.0024009540
    0.0022933344
    0.0032919720
    0.0046369446
    0.0056024664
    0.0057691196
    0.0054792026
   -0.0160079135
   -0.0179255727
   -0.0155402676
    0.0088460711
    0.0099687068
    0.0091958091
    0.0079885184
   -0.0249035896
   -0.0354989846
   -0.0450917509
    0.0181355609
    0.0143471336
    0.0112774428
   -0.0334474064
   -0.0585384297
    0.0309283623
    0.0205207945
    0.0149297549
   -0.0343437359
   -0.0600728873
    0.0252718365
    0.0183959851
   -0.0253684515
   -0.0382507484
    0.0226755246
   -0.0119090500
    0.0276782676
   -0.0056069057
    0.0265683847
   -0.0023594983
    0.0020645737
    0.0080136452
    0.0181688251
    0.0332917831
    0.0276669325
    0.0194757699
   -0.0004297305
    0.0027659947
    0.0081888010
    0.0109901916
    0.0096965762
    0.0093329358
    0.0119156244
    0.0150363999
    0.0150758645
    0.0129864931
   -0.0095685084
   -0.0089647684
   -0.0065684426
   -0.0029593087
    0.0002828227
    0.0026641295
    0.0049464346
    0.0060047763
    0.0060601239
    0.0056639145
   -0.0148223902
   -0.0154340322
   -0.0110868006
    0.0112557913
    0.0098293374
    0.0083042449
   -0.0229110008
   -0.0294618604
    0.0217357020
    0.0155942228
    0.0117494568
   -0.0313457917
   -0.0497660742
    0.0222992007
    0.0154025187
   -0.0337989391
   -0.0582084483
    0.0252707508
    0.0183770680
   -0.0264058555
   -0.0436789867
    0.0224494669
   -0.0127044575
    0.0277184285
   -0.0060049183
    0.0407206422
    0.0251043939
   -0.0026771280
    0.0014978613
    0.0063573931
    0.0150221399
    0.0263055980
    0.0243743159
    0.0184180228
   -0.0006760875
    0.0022529934
    0.0070015284
    0.0091965658
    0.0081876476
    0.0084883087
    0.0111331962
    0.0140043632
    0.0142672994
    0.0125420457
   -0.0087654688
   -0.0079006531
   -0.0054665931
   -0.0025504756
   -0.0002556688
    0.0024558796
    0.0049483068
    0.0059908475
    0.0060225865
    0.0056168225
   -0.0131829570
   -0.0125507439
   -0.0057725983
    0.0123119644
    0.0112704492
    0.0097304826
    0.0081954448
   -0.0199972077
   -0.0227504062
    0.0212305643
    0.0152677746
    0.0114991245
   -0.0276600639
   -0.0395074225
   -0.0479994901
    0.0365794990
    0.0215201605
    0.0148673518
   -0.0312697931
   -0.0521509390
    0.0239744261
    0.0172750336
   -0.0263915805
   -0.0465751699
    0.0205100421
   -0.0150821084
    0.0248519924
   -0.0073621475
    0.0298780741
    0.0215849920
   -0.0032838637
   -0.0004794963
    0.0046702572
    0.0060489088
    0.0123225327
    0.0190801315
    0.0195211516
    0.0161735978
   -0.0011293477
    0.0010808556
    0.0040373948
    0.0057015118
    0.0061397173
    0.0073085211
    0.0097735943
    0.0121481818
    0.0126417435
    0.0114830175
   -0.0079083815
   -0.0069509547
   -0.0046871862
   -0.0021173358
   -0.0001432856
    0.0022751623
    0.0045075080
    0.0055392584
    0.0056606401
    0.0053450045
   -0.0115195692
   -0.0104174501
   -0.0046799094
    0.0097473335
    0.0099325193
    0.0089182553
    0.0076810126
   -0.0170290852
   -0.0179686740
    0.0172410054
    0.0135080372
    0.0105798310
   -0.0234977999
   -0.0310138391
   -0.0352448396
   -0.0125731984
    0.0314682741
    0.0267756537
    0.0184518380
    0.0134364984
   -0.0273021846
   -0.0427657290
   -0.0680849924
   -0.0034817667
    0.0207287263
    0.0153450361
   -0.0244672797
   -0.0411996342
    0.0172596109
   -0.0159308050
   -0.0225284233
    0.0195181290
   -0.0083279023
   -0.0077614321
    0.0183834315
    0.0208089150
    0.0173363697
   -0.0038973693
   -0.0021902153
    0.0004508306
    0.0034056382
    0.0060461785
    0.0103923751
    0.0142426443
    0.0152088487
    0.0135762408
   -0.0016198645
   -0.0000584869
    0.0018320889
    0.0033300727
    0.0045576410
    0.0061621201
    0.0083150987
    0.0101843515
    0.0107794996
    0.0101237616
   -0.0070959582
   -0.0062204382
   -0.0043617385
   -0.0021821428
   -0.0002601454
    0.0018475929
    0.0037523186
    0.0047918007
    0.0050628409
    0.0048988172
   -0.0100357697
   -0.0090883171
   -0.0055913905
   -0.0013551192
    0.0001878068
    0.0035573195
    0.0069416642
    0.0079867408
    0.0076686321
    0.0068787555
   -0.0143818640
   -0.0148561150
   -0.0110631002
   -0.0017340297
    0.0054257707
    0.0117026988
    0.0125877667
    0.0110677237
    0.0092350113
   -0.0194688748
   -0.0242041010
   -0.0266492406
   -0.0232534294
   -0.0129988353
    0.0030078605
    0.0155908171
    0.0175615961
    0.0144634834
    0.0114778326
   -0.0226861933
   -0.0325634746
   -0.0452626864
   -0.0505201521
   -0.0330092191
   -0.0051588980
    0.0160132716
    0.0129439336
   -0.0210144785
   -0.0317456351
   -0.0485511091
   -0.0566042888
   -0.0344559460
    0.0152855163
    0.0139334626
   -0.0148093563
   -0.0197162734
   -0.0114045345
    0.0163860911
    0.0147200054
   -0.0084012164
   -0.0082871498
    0.0014700163
    0.0068247671
    0.0121059913
    0.0134618575
    0.0147686580
    0.0135246025
   -0.0042628905
   -0.0031046883
   -0.0008647322
    0.0013882025
    0.0028355591
    0.0053973100
    0.0085483684
    0.0109629476
    0.0118533810
    0.0111434892
   -0.0020075537
   -0.0008667476
    0.0005816941
    0.0020216324
    0.0034473577
    0.0051008061
    0.0069290151
    0.0084088284
    0.0090153208
    0.0087158902
   -0.0063512982
   -0.0056306130
   -0.0041954372
   -0.0024038286
   -0.0005936897
    0.0012707314
    0.0029143917
    0.0039433970
    0.0043531123
    0.0043509965
   -0.0087376672
   -0.0080783087
   -0.0060053796
   -0.0032816755
   -0.0008343568
    0.0020891809
    0.0047639049
    0.0060970872
    0.0063044786
    0.0059436960
   -0.0120891485
   -0.0124358491
   -0.0106804024
   -0.0071913591
   -0.0031916717
    0.0021993202
    0.0068990880
    0.0087917003
    0.0086496542
    0.0077535285
   -0.0158561856
   -0.0187180862
   -0.0198644916
   -0.0173162592
   -0.0102033740
   -0.0001695338
    0.0080523932
    0.0112049399
    0.0108054962
    0.0094175256
   -0.0182174056
   -0.0238961058
   -0.0293142662
   -0.0293333842
   -0.0193769316
   -0.0044924100
    0.0071284356
    0.0118885715
    0.0118039993
    0.0105069702
   -0.0171389389
   -0.0231652455
   -0.0296761180
   -0.0304152902
   -0.0196270001
   -0.0043721237
    0.0057912886
    0.0102974148
    0.0116002260
    0.0110753715
   -0.0127821208
   -0.0157618758
   -0.0174972747
   -0.0155871079
   -0.0087196093
    0.0019359881
    0.0086768543
    0.0103448661
    0.0116499384
    0.0112839552
   -0.0078582050
   -0.0079192257
   -0.0059073372
   -0.0028690874
   -0.0004577689
    0.0041256173
    0.0080964961
    0.0099770738
    0.0109422223
    0.0105635455
   -0.0043344659
   -0.0035284354
   -0.0018987719
    0.0000246103
    0.0018628987
    0.0042390180
    0.0067065592
    0.0084984821
    0.0092981364
    0.0090737188
   -0.0022410666
   -0.0013718077
   -0.0001870471
    0.0011437333
    0.0025563623
    0.0041068150
    0.0056616061
    0.0068777223
    0.0074679561
    0.0074010594
