   -0.0054652129
   -0.0054652129
   -0.0054652129
   -0.0071964113
   -0.0095131573
   -0.0095131573
   -0.0125258822
   -0.0210840180
   -0.0210840180
   -0.0210840180
   -0.0759338318
   -0.0759338318
   -0.0759338318
    0.4101843293
   -0.0017746605
   -0.0017746605
   -0.0078758833
    0.2053465259
    0.2053465259
    0.2053465259
    1.0092021079
    1.0092021079
    1.0092021079
    0.0136355944
    0.0127792137
    0.0127792137
    0.0077699882
    0.0076888452
    0.0076888452
    0.0076888452
    0.0048239574
    0.0048239574
    0.0048239574
   -0.0017966802
   -0.0054652129
   -0.0054652129
   -0.0067155598
   -0.0095131573
   -0.0095131573
   -0.0095131573
   -0.0210840180
   -0.0210840180
   -0.0210840180
   -0.0386916564
   -0.0759338318
   -0.0759338318
    0.0245775798
   -0.0017746605
   -0.0017746605
   -0.0017746605
    0.2053465259
    0.2053465259
    0.2053465259
    0.1311507357
    1.0092021079
    1.0092021079
    0.0197784932
    0.0127792137
    0.0127792137
    0.0127792137
    0.0076888452
    0.0076888452
    0.0076888452
    0.0054645193
    0.0048239574
    0.0048239574
    0.0045795315
   -0.0054652129
   -0.0054652129
   -0.0054652129
   -0.0095131573
   -0.0095131573
   -0.0095131573
   -0.0137535699
   -0.0210840180
   -0.0210840180
   -0.0327870079
   -0.0759338318
   -0.0759338318
   -0.0759338318
   -0.0017746605
   -0.0017746605
   -0.0017746605
    0.7687562873
    0.2053465259
    0.2053465259
   -0.0053978324
    1.0092021079
    1.0092021079
    1.0092021079
    0.0127792137
    0.0127792137
    0.0127792137
    0.0087569991
    0.0076888452
    0.0076888452
    0.0053034238
    0.0048239574
    0.0048239574
    0.0048239574
   -0.0054652129
   -0.0054652129
   -0.0054652129
   -0.0071964113
   -0.0095131573
   -0.0095131573
   -0.0125258822
   -0.0210840180
   -0.0210840180
   -0.0210840180
   -0.0759338318
   -0.0759338318
   -0.0759338318
    0.4101843293
   -0.0017746605
   -0.0017746605
   -0.0078758833
    0.2053465259
    0.2053465259
    0.2053465259
    1.0092021079
    1.0092021079
    1.0092021079
    0.0136355944
    0.0127792137
    0.0127792137
    0.0077699882
    0.0076888452
    0.0076888452
    0.0076888452
    0.0048239574
    0.0048239574
    0.0048239574
   -0.0017966802
   -0.0054652129
   -0.0054652129
   -0.0067155598
   -0.0095131573
   -0.0095131573
   -0.0095131573
   -0.0210840180
   -0.0210840180
   -0.0210840180
   -0.0386916564
   -0.0759338318
   -0.0759338318
    0.0245775798
   -0.0017746605
   -0.0017746605
   -0.0017746605
    0.2053465259
    0.2053465259
    0.2053465259
    0.1311507357
    1.0092021079
    1.0092021079
    0.0197784932
    0.0127792137
    0.0127792137
    0.0127792137
    0.0076888452
    0.0076888452
    0.0076888452
    0.0054645193
    0.0048239574
    0.0048239574
    0.0045795315
   -0.0054652129
   -0.0054652129
   -0.0054652129
   -0.0095131573
   -0.0095131573
   -0.0095131573
   -0.0137535699
   -0.0210840180
   -0.0210840180
   -0.0327870079
   -0.0759338318
   -0.0759338318
   -0.0759338318
   -0.0017746605
   -0.0017746605
   -0.0017746605
    0.7687562873
    0.2053465259
    0.2053465259
   -0.0053978324
    1.0092021079
    1.0092021079
    1.0092021079
    0.0127792137
    0.0127792137
    0.0127792137
    0.0087569991
    0.0076888452
    0.0076888452
    0.0053034238
    0.0048239574
    0.0048239574
    0.0048239574
   -0.0054652129
   -0.0054652129
   -0.0054652129
   -0.0071964113
   -0.0095131573
   -0.0095131573
   -0.0125258822
   -0.0210840180
   -0.0210840180
   -0.0210840180
   -0.0759338318
   -0.0759338318
   -0.0759338318
    0.4101843293
   -0.0017746605
   -0.0017746605
   -0.0078758833
    0.2053465259
    0.2053465259
    0.2053465259
    1.0092021079
    1.0092021079
    1.0092021079
    0.0136355944
    0.0127792137
    0.0127792137
    0.0077699882
    0.0076888452
    0.0076888452
    0.0076888452
    0.0048239574
    0.0048239574
    0.0048239574
   -0.0017966802
   -0.0054652129
   -0.0054652129
   -0.0067155598
   -0.0095131573
   -0.0095131573
   -0.0095131573
   -0.0210840180
   -0.0210840180
   -0.0210840180
   -0.0386916564
   -0.0759338318
   -0.0759338318
    0.0245775798
   -0.0017746605
   -0.0017746605
   -0.0017746605
    0.2053465259
    0.2053465259
    0.2053465259
    0.1311507357
    1.0092021079
    1.0092021079
    0.0197784932
    0.0127792137
    0.0127792137
    0.0127792137
    0.0076888452
    0.0076888452
    0.0076888452
    0.0054645193
    0.0048239574
    0.0048239574
    0.0045795315
   -0.0054652129
   -0.0054652129
   -0.0054652129
   -0.0095131573
   -0.0095131573
   -0.0095131573
   -0.0137535699
   -0.0210840180
   -0.0210840180
   -0.0327870079
   -0.0759338318
   -0.0759338318
   -0.0759338318
   -0.0017746605
   -0.0017746605
   -0.0017746605
    0.7687562873
    0.2053465259
    0.2053465259
   -0.0053978324
    1.0092021079
    1.0092021079
    1.0092021079
    0.0127792137
    0.0127792137
    0.0127792137
    0.0087569991
    0.0076888452
    0.0076888452
    0.0053034238
    0.0048239574
    0.0048239574
    0.0048239574
   -0.0054652129
   -0.0054652129
   -0.0054652129
   -0.0071964113
   -0.0095131573
   -0.0095131573
   -0.0125258822
   -0.0210840180
   -0.0210840180
   -0.0210840180
   -0.0759338318
   -0.0759338318
   -0.0759338318
    0.4101843293
   -0.0017746605
   -0.0017746605
   -0.0078758833
    0.2053465259
    0.2053465259
    0.2053465259
    1.0092021079
    1.0092021079
    1.0092021079
    0.0136355944
    0.0127792137
    0.0127792137
    0.0077699882
    0.0076888452
    0.0076888452
    0.0076888452
    0.0048239574
    0.0048239574
    0.0048239574
   -0.0013426821
   -0.0091500735
   -0.0091500735
   -0.0091500735
   -0.0091500735
   -0.0091500735
   -0.0091500735
   -0.0091500735
   -0.0091500735
   -0.0091500735
   -0.0091500735
   -0.0091500735
   -0.0091500735
   -0.0091500735
   -0.0091500735
   -0.0091500735
   -0.0091500735
   -0.0091500735
   -0.0091500735
   -0.0091500735
   -0.0091500735
   -0.0091500735
   -0.0091500735
   -0.0091500735
   -0.0091500735
   -0.0091500735
   -0.0091500735
   -0.0091500735
   -0.0091500735
   -0.0091500735
   -0.0091500735
   -0.0091500735
   -0.0091500735
   -0.0115752064
   -0.0174835627
   -0.0174835627
   -0.0174835627
   -0.0174835627
   -0.0174835627
   -0.0174835627
   -0.0174835627
   -0.0174835627
   -0.0174835627
   -0.0174835627
   -0.0174835627
   -0.0174835627
   -0.0174835627
   -0.0174835627
   -0.0174835627
   -0.0174835627
   -0.0174835627
   -0.0174835627
   -0.0174835627
   -0.0174835627
   -0.0174835627
   -0.0174835627
   -0.0174835627
   -0.0174835627
   -0.0174835627
   -0.0174835627
   -0.0174835627
   -0.0174835627
   -0.0174835627
   -0.0174835627
   -0.0174835627
   -0.0174835627
   -0.0174835627
   -0.0467691148
   -0.0467691148
   -0.0467691148
   -0.0467691148
   -0.0467691148
   -0.0467691148
   -0.0467691148
   -0.0467691148
   -0.0467691148
   -0.0467691148
   -0.0467691148
   -0.0467691148
   -0.0467691148
   -0.0467691148
   -0.0467691148
   -0.0467691148
   -0.0467691148
   -0.0467691148
   -0.0467691148
   -0.0467691148
   -0.0467691148
   -0.0467691148
   -0.0467691148
   -0.0467691148
   -0.0467691148
   -0.0467691148
   -0.0467691148
   -0.0467691148
   -0.0467691148
   -0.0467691148
   -0.0467691148
   -0.0467691148
   -0.0467691148
   -0.0687998369
    0.0600869006
    0.0600869006
    0.0600869006
    0.0600869006
    0.0600869006
    0.0600869006
    0.0600869006
    0.0600869006
    0.0600869006
    0.0600869006
    0.0600869006
    0.0600869006
    0.0600869006
    0.0600869006
    0.0600869006
    0.0600869006
    0.0600869006
    0.0600869006
    0.0600869006
    0.0600869006
    0.0600869006
    0.0600869006
    0.0600869006
    0.0600869006
    0.0600869006
    0.0600869006
    0.0600869006
    0.0600869006
    0.0600869006
    0.0600869006
    0.0600869006
    0.0600869006
    1.7895146407
    0.2621859094
    0.2621859094
    0.2621859094
    0.2621859094
    0.2621859094
    0.2621859094
    0.2621859094
    0.2621859094
    0.2621859094
    0.2621859094
    0.2621859094
    0.2621859094
    0.2621859094
    0.2621859094
    0.2621859094
    0.2621859094
    0.2621859094
    0.2621859094
    0.2621859094
    0.2621859094
    0.2621859094
    0.2621859094
    0.2621859094
    0.2621859094
    0.2621859094
    0.2621859094
    0.2621859094
    0.2621859094
    0.2621859094
    0.2621859094
    0.2621859094
    0.2621859094
    0.2621859094
    0.0694866294
    0.0694866294
    0.0694866294
    0.0694866294
    0.0694866294
    0.0694866294
    0.0694866294
    0.0694866294
    0.0694866294
    0.0694866294
    0.0694866294
    0.0694866294
    0.0694866294
    0.0694866294
    0.0694866294
    0.0694866294
    0.0694866294
    0.0694866294
    0.0694866294
    0.0694866294
    0.0694866294
    0.0694866294
    0.0694866294
    0.0694866294
    0.0694866294
    0.0694866294
    0.0694866294
    0.0694866294
    0.0694866294
    0.0694866294
    0.0694866294
    0.0694866294
    0.0694866294
    0.1840762118
    0.2939569599
    0.2939569599
    0.2939569599
    0.2939569599
    0.2939569599
    0.2939569599
    0.2939569599
    0.2939569599
    0.2939569599
    0.2939569599
    0.2939569599
    0.2939569599
    0.2939569599
    0.2939569599
    0.2939569599
    0.2939569599
    0.2939569599
    0.2939569599
    0.2939569599
    0.2939569599
    0.2939569599
    0.2939569599
    0.2939569599
    0.2939569599
    0.2939569599
    0.2939569599
    0.2939569599
    0.2939569599
    0.2939569599
    0.2939569599
    0.2939569599
    0.2939569599
    0.0196185384
    0.0129183137
    0.0129183137
    0.0129183137
    0.0129183137
    0.0129183137
    0.0129183137
    0.0129183137
    0.0129183137
    0.0129183137
    0.0129183137
    0.0129183137
    0.0129183137
    0.0129183137
    0.0129183137
    0.0129183137
    0.0129183137
    0.0129183137
    0.0129183137
    0.0129183137
    0.0129183137
    0.0129183137
    0.0129183137
    0.0129183137
    0.0129183137
    0.0129183137
    0.0129183137
    0.0129183137
    0.0129183137
    0.0129183137
    0.0129183137
    0.0129183137
    0.0129183137
    0.0129183137
    0.0083438099
    0.0083438099
    0.0083438099
    0.0083438099
    0.0083438099
    0.0083438099
    0.0083438099
    0.0083438099
    0.0083438099
    0.0083438099
    0.0083438099
    0.0083438099
    0.0083438099
    0.0083438099
    0.0083438099
    0.0083438099
    0.0083438099
    0.0083438099
    0.0083438099
    0.0083438099
    0.0083438099
    0.0083438099
    0.0083438099
    0.0083438099
    0.0083438099
    0.0083438099
    0.0083438099
    0.0083438099
    0.0083438099
    0.0083438099
    0.0083438099
    0.0083438099
    0.0083438099
    0.0061522148
    0.0054943412
    0.0054943412
    0.0054943412
    0.0054943412
    0.0054943412
    0.0054943412
    0.0054943412
    0.0054943412
    0.0054943412
    0.0054943412
    0.0054943412
    0.0054943412
    0.0054943412
    0.0054943412
    0.0054943412
    0.0054943412
    0.0054943412
    0.0054943412
    0.0054943412
    0.0054943412
    0.0054943412
    0.0054943412
    0.0054943412
    0.0054943412
    0.0054943412
    0.0054943412
    0.0054943412
    0.0054943412
    0.0054943412
    0.0054943412
    0.0054943412
    0.0054943412
    0.0090476086
   -0.0797744720
    0.0003938127
    0.0102587283
   -0.0436054184
    0.1136919971
    0.0200428560
   -0.0019158592
    1.1640690519
    0.0240131718
    0.0118427074
   -0.0797744720
    0.0003938127
    0.0102587283
   -0.0436054184
    0.1136919971
    0.0200428560
   -0.0019158592
    1.1640690519
    0.0240131718
    0.0118427074
   -0.0797744720
    0.0003938127
    0.0102587283
   -0.0436054184
    0.1136919971
    0.0200428560
   -0.0019158592
    1.1640690519
    0.0240131718
    0.0118427074
   -0.0797744720
    0.0003938127
    0.0102587283
   -0.0436054184
    0.1136919971
    0.0200428560
   -0.0019158592
    1.1640690519
    0.0240131718
    0.0118427074
   -0.0797744720
    0.0003938127
    0.0102587283
   -0.0436054184
    0.1136919971
    0.0200428560
   -0.0019158592
    1.1640690519
    0.0240131718
    0.0118427074
   -0.0797744720
    0.0003938127
    0.0102587283
   -0.0436054184
    0.1136919971
    0.0200428560
   -0.0019158592
    1.1640690519
    0.0240131718
    0.0118427074
   -0.0797744720
    0.0003938127
    0.0102587283
   -0.0436054184
    0.1136919971
    0.0200428560
   -0.0019158592
    1.1640690519
    0.0240131718
    0.0118427074
   -0.0797744720
    0.0003938127
    0.0102587283
   -0.0436054184
    0.1136919971
    0.0200428560
   -0.0019158592
    1.1640690519
    0.0240131718
    0.0118427074
   -0.0797744720
    0.0003938127
    0.0102587283
   -0.0436054184
    0.1136919971
    0.0200428560
   -0.0019158592
    1.1640690519
    0.0240131718
    0.0118427074
   -0.0797744720
    0.0003938127
    0.0102587283
   -0.0436054184
    0.1136919971
    0.0200428560
   -0.0019158592
    1.1640690519
    0.0240131718
    0.0118427074
   -0.0797744720
    0.0003938127
    0.0102587283
   -0.0436054184
    0.1136919971
    0.0200428560
   -0.0019158592
    1.1640690519
    0.0240131718
    0.0118427074
   -0.0797744720
    0.0003938127
    0.0102587283
   -0.0436054184
    0.1136919971
    0.0200428560
   -0.0019158592
    1.1640690519
    0.0240131718
    0.0118427074
   -0.0797744720
    0.0003938127
    0.0102587283
   -0.0436054184
    0.1136919971
    0.0200428560
   -0.0019158592
    1.1640690519
    0.0240131718
    0.0118427074
   -0.0797744720
    0.0003938127
    0.0102587283
   -0.0436054184
    0.1136919971
    0.0200428560
   -0.0019158592
    1.1640690519
    0.0240131718
    0.0118427074
   -0.0797744720
    0.0003938127
    0.0102587283
   -0.0436054184
    0.1136919971
    0.0200428560
   -0.0019158592
    1.1640690519
    0.0240131718
    0.0118427074
   -0.0797744720
    0.0003938127
    0.0102587283
   -0.0436054184
    0.1136919971
    0.0200428560
   -0.0019158592
    1.1640690519
    0.0240131718
    0.0118427074
   -0.0797744720
    0.0003938127
    0.0102587283
   -0.0436054184
    0.1136919971
    0.0200428560
   -0.0019158592
    1.1640690519
    0.0240131718
    0.0118427074
   -0.0797744720
    0.0003938127
    0.0102587283
   -0.0436054184
    0.1136919971
    0.0200428560
   -0.0019158592
    1.1640690519
    0.0240131718
    0.0118427074
   -0.0797744720
    0.0003938127
    0.0102587283
   -0.0436054184
    0.1136919971
    0.0200428560
   -0.0019158592
    1.1640690519
    0.0240131718
    0.0118427074
   -0.0797744720
    0.0003938127
    0.0102587283
   -0.0436054184
    0.1136919971
    0.0200428560
   -0.0019158592
    1.1640690519
    0.0240131718
    0.0118427074
   -0.0797744720
    0.0003938127
    0.0102587283
   -0.0436054184
    0.1136919971
    0.0200428560
   -0.0019158592
    1.1640690519
    0.0240131718
    0.0118427074
   -0.0797744720
    0.0003938127
    0.0102587283
   -0.0436054184
    0.1136919971
    0.0200428560
   -0.0019158592
    1.1640690519
    0.0240131718
    0.0118427074
   -0.0797744720
    0.0003938127
    0.0102587283
   -0.0436054184
    0.1136919971
    0.0200428560
   -0.0019158592
    1.1640690519
    0.0240131718
    0.0118427074
   -0.0797744720
    0.0003938127
    0.0102587283
   -0.0436054184
    0.1136919971
    0.0200428560
   -0.0019158592
    1.1640690519
    0.0240131718
    0.0118427074
   -0.0797744720
    0.0003938127
    0.0102587283
   -0.0436054184
    0.1136919971
    0.0200428560
   -0.0019158592
    1.1640690519
    0.0240131718
    0.0118427074
   -0.0797744720
    0.0003938127
    0.0102587283
   -0.0436054184
    0.1136919971
    0.0200428560
   -0.0019158592
    1.1640690519
    0.0240131718
    0.0118427074
   -0.0797744720
    0.0003938127
    0.0102587283
   -0.0436054184
    0.1136919971
    0.0200428560
   -0.0019158592
    1.1640690519
    0.0240131718
    0.0118427074
   -0.0797744720
    0.0003938127
    0.0102587283
   -0.0436054184
    0.1136919971
    0.0200428560
   -0.0019158592
    1.1640690519
    0.0240131718
    0.0118427074
   -0.0797744720
    0.0003938127
    0.0102587283
   -0.0436054184
    0.1136919971
    0.0200428560
   -0.0019158592
    1.1640690519
    0.0240131718
    0.0118427074
   -0.0797744720
    0.0003938127
    0.0102587283
   -0.0436054184
    0.1136919971
    0.0200428560
   -0.0019158592
    1.1640690519
    0.0240131718
    0.0118427074
   -0.0797744720
    0.0003938127
    0.0102587283
   -0.0436054184
    0.1136919971
    0.0200428560
   -0.0019158592
    1.1640690519
    0.0240131718
    0.0118427074
   -0.0797744720
    0.0003938127
    0.0102587283
   -0.0436054184
    0.1136919971
    0.0200428560
   -0.0019158592
    1.1640690519
    0.0240131718
    0.0118427074
   -0.0797744720
    0.0003938127
    0.0102587283
   -0.0436054184
    0.1136919971
    0.0200428560
   -0.0019158592
    1.1640690519
    0.0240131718
    0.0118427074
   -0.0797744720
    0.0003938127
    0.0102587283
