-6.4039998054504395 -6.4039998054504395 -6.4039998054504395 
-6.4039998054504395 -6.4039998054504395 -6.4039998054504395 
-6.4039998054504395 -6.4039998054504395 -6.4039998054504395 
-6.4039998054504395 -5.0729998217688665 -5.0729998217688665 
-5.0729998217688665 -5.0729998217688665 -5.0729998217688665 
-5.0729998217688665 -5.0729998217688665 -5.0729998217688665 
-5.0729998217688665 -5.0729998217688665 -3.7419998380872936 
-3.7419998380872936 -3.7419998380872936 -3.7419998380872936 
-3.7419998380872936 -3.7419998380872936 -3.7419998380872936 
-3.7419998380872936 -3.7419998380872936 -3.7419998380872936 
-2.4109998544057207 -2.4109998544057207 -2.4109998544057207 
-2.4109998544057207 -2.4109998544057207 -2.4109998544057207 
-2.4109998544057207 -2.4109998544057207 -2.4109998544057207 
-2.4109998544057207 -1.0799998707241478 -1.0799998707241478 
-1.0799998707241478 -1.0799998707241478 -1.0799998707241478 
-1.0799998707241478 -1.0799998707241478 -1.0799998707241478 
-1.0799998707241478 -1.0799998707241478 0.2510001129574251 
0.2510001129574251 0.2510001129574251 0.2510001129574251 
0.2510001129574251 0.2510001129574251 0.2510001129574251 
0.2510001129574251 0.2510001129574251 0.2510001129574251 
1.582000096638998 1.582000096638998 1.582000096638998 
1.582000096638998 1.582000096638998 1.582000096638998 
1.582000096638998 1.582000096638998 1.582000096638998 
1.582000096638998 2.913000080320572 2.913000080320572 
2.913000080320572 2.913000080320572 2.913000080320572 
2.913000080320572 2.913000080320572 2.913000080320572 
2.913000080320572 2.913000080320572 4.244000064002144 
4.244000064002144 4.244000064002144 4.244000064002144 
4.244000064002144 4.244000064002144 4.244000064002144 
4.244000064002144 4.244000064002144 4.244000064002144 
5.575000047683716 5.575000047683716 5.575000047683716 
5.575000047683716 5.575000047683716 5.575000047683716 
5.575000047683716 5.575000047683716 5.575000047683716 
5.575000047683716 -6.4039998054504395 -6.4039998054504395 
-6.4039998054504395 -6.4039998054504395 -6.4039998054504395 
-6.4039998054504395 -6.4039998054504395 -6.4039998054504395 
-6.4039998054504395 -6.4039998054504395 -5.0729998217688665 
-5.0729998217688665 -5.0729998217688665 -5.0729998217688665 
-5.0729998217688665 -5.0729998217688665 -5.0729998217688665 
-5.0729998217688665 -5.0729998217688665 -5.0729998217688665 
-3.7419998380872936 -3.7419998380872936 -3.7419998380872936 
-3.7419998380872936 -3.7419998380872936 -3.7419998380872936 
-3.7419998380872936 -3.7419998380872936 -3.7419998380872936 
-3.7419998380872936 -2.4109998544057207 -2.4109998544057207 
-2.4109998544057207 -2.4109998544057207 -2.4109998544057207 
-2.4109998544057207 -2.4109998544057207 -2.4109998544057207 
-2.4109998544057207 -2.4109998544057207 -1.0799998707241478 
-1.0799998707241478 -1.0799998707241478 -1.0799998707241478 
-1.0799998707241478 -1.0799998707241478 -1.0799998707241478 
-1.0799998707241478 -1.0799998707241478 -1.0799998707241478 
0.2510001129574251 0.2510001129574251 0.2510001129574251 
0.2510001129574251 0.2510001129574251 0.2510001129574251 
0.2510001129574251 0.2510001129574251 0.2510001129574251 
0.2510001129574251 1.582000096638998 1.582000096638998 
1.582000096638998 1.582000096638998 1.582000096638998 
1.582000096638998 1.582000096638998 1.582000096638998 
1.582000096638998 1.582000096638998 2.913000080320572 
2.913000080320572 2.913000080320572 2.913000080320572 
2.913000080320572 2.913000080320572 2.913000080320572 
2.913000080320572 2.913000080320572 2.913000080320572 
4.244000064002144 4.244000064002144 4.244000064002144 
4.244000064002144 4.244000064002144 4.244000064002144 
4.244000064002144 4.244000064002144 4.244000064002144 
4.244000064002144 5.575000047683716 5.575000047683716 
5.575000047683716 5.575000047683716 5.575000047683716 
5.575000047683716 5.575000047683716 5.575000047683716 
5.575000047683716 5.575000047683716 -6.4039998054504395 
-6.4039998054504395 -6.4039998054504395 -6.4039998054504395 
-6.4039998054504395 -6.4039998054504395 -6.4039998054504395 
-6.4039998054504395 -6.4039998054504395 -6.4039998054504395 
-5.0729998217688665 -5.0729998217688665 -5.0729998217688665 
-5.0729998217688665 -5.0729998217688665 -5.0729998217688665 
-5.0729998217688665 -5.0729998217688665 -5.0729998217688665 
-5.0729998217688665 -3.7419998380872936 -3.7419998380872936 
-3.7419998380872936 -3.7419998380872936 -3.7419998380872936 
-3.7419998380872936 -3.7419998380872936 -3.7419998380872936 
-3.7419998380872936 -3.7419998380872936 -2.4109998544057207 
-2.4109998544057207 -2.4109998544057207 -2.4109998544057207 
-2.4109998544057207 -2.4109998544057207 -2.4109998544057207 
-2.4109998544057207 -2.4109998544057207 -2.4109998544057207 
-1.0799998707241478 -1.0799998707241478 -1.0799998707241478 
-1.0799998707241478 -1.0799998707241478 -1.0799998707241478 
-1.0799998707241478 -1.0799998707241478 -1.0799998707241478 
-1.0799998707241478 0.2510001129574251 0.2510001129574251 
0.2510001129574251 0.2510001129574251 0.2510001129574251 
0.2510001129574251 0.2510001129574251 0.2510001129574251 
0.2510001129574251 0.2510001129574251 1.582000096638998 
1.582000096638998 1.582000096638998 1.582000096638998 
1.582000096638998 1.582000096638998 1.582000096638998 
1.582000096638998 1.582000096638998 1.582000096638998 
2.913000080320572 2.913000080320572 2.913000080320572 
2.913000080320572 2.913000080320572 2.913000080320572 
2.913000080320572 2.913000080320572 2.913000080320572 
2.913000080320572 4.244000064002144 4.244000064002144 
4.244000064002144 4.244000064002144 4.244000064002144 
4.244000064002144 4.244000064002144 4.244000064002144 
4.244000064002144 4.244000064002144 5.575000047683716 
5.575000047683716 5.575000047683716 5.575000047683716 
5.575000047683716 5.575000047683716 5.575000047683716 
5.575000047683716 5.575000047683716 5.575000047683716 
-6.4039998054504395 -6.4039998054504395 -6.4039998054504395 
-6.4039998054504395 -6.4039998054504395 -6.4039998054504395 
-6.4039998054504395 -6.4039998054504395 -6.4039998054504395 
-6.4039998054504395 -5.0729998217688665 -5.0729998217688665 
-5.0729998217688665 -5.0729998217688665 -5.0729998217688665 
-5.0729998217688665 -5.0729998217688665 -5.0729998217688665 
-5.0729998217688665 -5.0729998217688665 -3.7419998380872936 
-3.7419998380872936 -3.7419998380872936 -3.7419998380872936 
-3.7419998380872936 -3.7419998380872936 -3.7419998380872936 
-3.7419998380872936 -3.7419998380872936 -3.7419998380872936 
-2.4109998544057207 -2.4109998544057207 -2.4109998544057207 
-2.4109998544057207 -2.4109998544057207 -2.4109998544057207 
-2.4109998544057207 -2.4109998544057207 -2.4109998544057207 
-2.4109998544057207 -1.0799998707241478 -1.0799998707241478 
-1.0799998707241478 -1.0799998707241478 -1.0799998707241478 
-1.0799998707241478 -1.0799998707241478 -1.0799998707241478 
-1.0799998707241478 -1.0799998707241478 0.2510001129574251 
0.2510001129574251 0.2510001129574251 0.2510001129574251 
0.2510001129574251 0.2510001129574251 0.2510001129574251 
0.2510001129574251 0.2510001129574251 0.2510001129574251 
1.582000096638998 1.582000096638998 1.582000096638998 
1.582000096638998 1.582000096638998 1.582000096638998 
1.582000096638998 1.582000096638998 1.582000096638998 
1.582000096638998 2.913000080320572 2.913000080320572 
2.913000080320572 2.913000080320572 2.913000080320572 
2.913000080320572 2.913000080320572 2.913000080320572 
2.913000080320572 2.913000080320572 4.244000064002144 
4.244000064002144 4.244000064002144 4.244000064002144 
4.244000064002144 4.244000064002144 4.244000064002144 
4.244000064002144 4.244000064002144 4.244000064002144 
5.575000047683716 5.575000047683716 5.575000047683716 
5.575000047683716 5.575000047683716 5.575000047683716 
5.575000047683716 5.575000047683716 5.575000047683716 
5.575000047683716 -6.4039998054504395 -6.4039998054504395 
-6.4039998054504395 -6.4039998054504395 -6.4039998054504395 
-6.4039998054504395 -6.4039998054504395 -6.4039998054504395 
-6.4039998054504395 -6.4039998054504395 -5.0729998217688665 
-5.0729998217688665 -5.0729998217688665 -5.0729998217688665 
-5.0729998217688665 -5.0729998217688665 -5.0729998217688665 
-5.0729998217688665 -5.0729998217688665 -5.0729998217688665 
-3.7419998380872936 -3.7419998380872936 -3.7419998380872936 
-3.7419998380872936 -3.7419998380872936 -3.7419998380872936 
-3.7419998380872936 -3.7419998380872936 -3.7419998380872936 
-3.7419998380872936 -2.4109998544057207 -2.4109998544057207 
-2.4109998544057207 -2.4109998544057207 -2.4109998544057207 
-2.4109998544057207 -2.4109998544057207 -2.4109998544057207 
-2.4109998544057207 -2.4109998544057207 -1.0799998707241478 
-1.0799998707241478 -1.0799998707241478 -1.0799998707241478 
-1.0799998707241478 -1.0799998707241478 -1.0799998707241478 
-1.0799998707241478 -1.0799998707241478 -1.0799998707241478 
0.2510001129574251 0.2510001129574251 0.2510001129574251 
0.2510001129574251 0.2510001129574251 0.2510001129574251 
0.2510001129574251 0.2510001129574251 0.2510001129574251 
0.2510001129574251 1.582000096638998 1.582000096638998 
1.582000096638998 1.582000096638998 1.582000096638998 
1.582000096638998 1.582000096638998 1.582000096638998 
1.582000096638998 1.582000096638998 2.913000080320572 
2.913000080320572 2.913000080320572 2.913000080320572 
2.913000080320572 2.913000080320572 2.913000080320572 
2.913000080320572 2.913000080320572 2.913000080320572 
4.244000064002144 4.244000064002144 4.244000064002144 
4.244000064002144 4.244000064002144 4.244000064002144 
4.244000064002144 4.244000064002144 4.244000064002144 
4.244000064002144 5.575000047683716 5.575000047683716 
5.575000047683716 5.575000047683716 5.575000047683716 
5.575000047683716 5.575000047683716 5.575000047683716 
5.575000047683716 5.575000047683716 -6.4039998054504395 
-6.4039998054504395 -6.4039998054504395 -6.4039998054504395 
-6.4039998054504395 -6.4039998054504395 -6.4039998054504395 
-6.4039998054504395 -6.4039998054504395 -6.4039998054504395 
-5.0729998217688665 -5.0729998217688665 -5.0729998217688665 
-5.0729998217688665 -5.0729998217688665 -5.0729998217688665 
-5.0729998217688665 -5.0729998217688665 -5.0729998217688665 
-5.0729998217688665 -3.7419998380872936 -3.7419998380872936 
-3.7419998380872936 -3.7419998380872936 -3.7419998380872936 
-3.7419998380872936 -3.7419998380872936 -3.7419998380872936 
-3.7419998380872936 -3.7419998380872936 -2.4109998544057207 
-2.4109998544057207 -2.4109998544057207 -2.4109998544057207 
-2.4109998544057207 -2.4109998544057207 -2.4109998544057207 
-2.4109998544057207 -2.4109998544057207 -2.4109998544057207 
-1.0799998707241478 -1.0799998707241478 -1.0799998707241478 
-1.0799998707241478 -1.0799998707241478 -1.0799998707241478 
-1.0799998707241478 -1.0799998707241478 -1.0799998707241478 
-1.0799998707241478 0.2510001129574251 0.2510001129574251 
0.2510001129574251 0.2510001129574251 0.2510001129574251 
0.2510001129574251 0.2510001129574251 0.2510001129574251 
0.2510001129574251 0.2510001129574251 1.582000096638998 
1.582000096638998 1.582000096638998 1.582000096638998 
1.582000096638998 1.582000096638998 1.582000096638998 
1.582000096638998 1.582000096638998 1.582000096638998 
2.913000080320572 2.913000080320572 2.913000080320572 
2.913000080320572 2.913000080320572 2.913000080320572 
2.913000080320572 2.913000080320572 2.913000080320572 
2.913000080320572 4.244000064002144 4.244000064002144 
4.244000064002144 4.244000064002144 4.244000064002144 
4.244000064002144 4.244000064002144 4.244000064002144 
4.244000064002144 4.244000064002144 5.575000047683716 
5.575000047683716 5.575000047683716 5.575000047683716 
5.575000047683716 5.575000047683716 5.575000047683716 
5.575000047683716 5.575000047683716 5.575000047683716 
-6.4039998054504395 -6.4039998054504395 -6.4039998054504395 
-6.4039998054504395 -6.4039998054504395 -6.4039998054504395 
-6.4039998054504395 -6.4039998054504395 -6.4039998054504395 
-6.4039998054504395 -5.0729998217688665 -5.0729998217688665 
-5.0729998217688665 -5.0729998217688665 -5.0729998217688665 
-5.0729998217688665 -5.0729998217688665 -5.0729998217688665 
-5.0729998217688665 -5.0729998217688665 -3.7419998380872936 
-3.7419998380872936 -3.7419998380872936 -3.7419998380872936 
-3.7419998380872936 -3.7419998380872936 -3.7419998380872936 
-3.7419998380872936 -3.7419998380872936 -3.7419998380872936 
-2.4109998544057207 -2.4109998544057207 -2.4109998544057207 
-2.4109998544057207 -2.4109998544057207 -2.4109998544057207 
-2.4109998544057207 -2.4109998544057207 -2.4109998544057207 
-2.4109998544057207 -1.0799998707241478 -1.0799998707241478 
-1.0799998707241478 -1.0799998707241478 -1.0799998707241478 
-1.0799998707241478 -1.0799998707241478 -1.0799998707241478 
-1.0799998707241478 -1.0799998707241478 0.2510001129574251 
0.2510001129574251 0.2510001129574251 0.2510001129574251 
0.2510001129574251 0.2510001129574251 0.2510001129574251 
0.2510001129574251 0.2510001129574251 0.2510001129574251 
1.582000096638998 1.582000096638998 1.582000096638998 
1.582000096638998 1.582000096638998 1.582000096638998 
1.582000096638998 1.582000096638998 1.582000096638998 
1.582000096638998 2.913000080320572 2.913000080320572 
2.913000080320572 2.913000080320572 2.913000080320572 
2.913000080320572 2.913000080320572 2.913000080320572 
2.913000080320572 2.913000080320572 4.244000064002144 
4.244000064002144 4.244000064002144 4.244000064002144 
4.244000064002144 4.244000064002144 4.244000064002144 
4.244000064002144 4.244000064002144 4.244000064002144 
5.575000047683716 5.575000047683716 5.575000047683716 
5.575000047683716 5.575000047683716 5.575000047683716 
5.575000047683716 5.575000047683716 5.575000047683716 
5.575000047683716 -6.4039998054504395 -6.4039998054504395 
-6.4039998054504395 -6.4039998054504395 -6.4039998054504395 
-6.4039998054504395 -6.4039998054504395 -6.4039998054504395 
-6.4039998054504395 -6.4039998054504395 -5.0729998217688665 
-5.0729998217688665 -5.0729998217688665 -5.0729998217688665 
-5.0729998217688665 -5.0729998217688665 -5.0729998217688665 
-5.0729998217688665 -5.0729998217688665 -5.0729998217688665 
-3.7419998380872936 -3.7419998380872936 -3.7419998380872936 
-3.7419998380872936 -3.7419998380872936 -3.7419998380872936 
-3.7419998380872936 -3.7419998380872936 -3.7419998380872936 
-3.7419998380872936 -2.4109998544057207 -2.4109998544057207 
-2.4109998544057207 -2.4109998544057207 -2.4109998544057207 
-2.4109998544057207 -2.4109998544057207 -2.4109998544057207 
-2.4109998544057207 -2.4109998544057207 -1.0799998707241478 
-1.0799998707241478 -1.0799998707241478 -1.0799998707241478 
-1.0799998707241478 -1.0799998707241478 -1.0799998707241478 
-1.0799998707241478 -1.0799998707241478 -1.0799998707241478 
0.2510001129574251 0.2510001129574251 0.2510001129574251 
0.2510001129574251 0.2510001129574251 0.2510001129574251 
0.2510001129574251 0.2510001129574251 0.2510001129574251 
0.2510001129574251 1.582000096638998 1.582000096638998 
1.582000096638998 1.582000096638998 1.582000096638998 
1.582000096638998 1.582000096638998 1.582000096638998 
1.582000096638998 1.582000096638998 2.913000080320572 
2.913000080320572 2.913000080320572 2.913000080320572 
2.913000080320572 2.913000080320572 2.913000080320572 
2.913000080320572 2.913000080320572 2.913000080320572 
4.244000064002144 4.244000064002144 4.244000064002144 
4.244000064002144 4.244000064002144 4.244000064002144 
4.244000064002144 4.244000064002144 4.244000064002144 
4.244000064002144 5.575000047683716 5.575000047683716 
5.575000047683716 5.575000047683716 5.575000047683716 
5.575000047683716 5.575000047683716 5.575000047683716 
5.575000047683716 5.575000047683716 -6.4039998054504395 
-6.4039998054504395 -6.4039998054504395 -6.4039998054504395 
-6.4039998054504395 -6.4039998054504395 -6.4039998054504395 
-6.4039998054504395 -6.4039998054504395 -6.4039998054504395 
-5.0729998217688665 -5.0729998217688665 -5.0729998217688665 
-5.0729998217688665 -5.0729998217688665 -5.0729998217688665 
-5.0729998217688665 -5.0729998217688665 -5.0729998217688665 
-5.0729998217688665 -3.7419998380872936 -3.7419998380872936 
-3.7419998380872936 -3.7419998380872936 -3.7419998380872936 
-3.7419998380872936 -3.7419998380872936 -3.7419998380872936 
-3.7419998380872936 -3.7419998380872936 -2.4109998544057207 
-2.4109998544057207 -2.4109998544057207 -2.4109998544057207 
-2.4109998544057207 -2.4109998544057207 -2.4109998544057207 
-2.4109998544057207 -2.4109998544057207 -2.4109998544057207 
-1.0799998707241478 -1.0799998707241478 -1.0799998707241478 
-1.0799998707241478 -1.0799998707241478 -1.0799998707241478 
-1.0799998707241478 -1.0799998707241478 -1.0799998707241478 
-1.0799998707241478 0.2510001129574251 0.2510001129574251 
0.2510001129574251 0.2510001129574251 0.2510001129574251 
0.2510001129574251 0.2510001129574251 0.2510001129574251 
0.2510001129574251 0.2510001129574251 1.582000096638998 
1.582000096638998 1.582000096638998 1.582000096638998 
1.582000096638998 1.582000096638998 1.582000096638998 
1.582000096638998 1.582000096638998 1.582000096638998 
2.913000080320572 2.913000080320572 2.913000080320572 
2.913000080320572 2.913000080320572 2.913000080320572 
2.913000080320572 2.913000080320572 2.913000080320572 
2.913000080320572 4.244000064002144 4.244000064002144 
4.244000064002144 4.244000064002144 4.244000064002144 
4.244000064002144 4.244000064002144 4.244000064002144 
4.244000064002144 4.244000064002144 5.575000047683716 
5.575000047683716 5.575000047683716 5.575000047683716 
5.575000047683716 5.575000047683716 5.575000047683716 
5.575000047683716 5.575000047683716 5.575000047683716 
-6.4039998054504395 -6.4039998054504395 -6.4039998054504395 
-6.4039998054504395 -6.4039998054504395 -6.4039998054504395 
-6.4039998054504395 -6.4039998054504395 -6.4039998054504395 
-6.4039998054504395 -5.0729998217688665 -5.0729998217688665 
-5.0729998217688665 -5.0729998217688665 -5.0729998217688665 
-5.0729998217688665 -5.0729998217688665 -5.0729998217688665 
-5.0729998217688665 -5.0729998217688665 -3.7419998380872936 
-3.7419998380872936 -3.7419998380872936 -3.7419998380872936 
-3.7419998380872936 -3.7419998380872936 -3.7419998380872936 
-3.7419998380872936 -3.7419998380872936 -3.7419998380872936 
-2.4109998544057207 -2.4109998544057207 -2.4109998544057207 
-2.4109998544057207 -2.4109998544057207 -2.4109998544057207 
-2.4109998544057207 -2.4109998544057207 -2.4109998544057207 
-2.4109998544057207 -1.0799998707241478 -1.0799998707241478 
-1.0799998707241478 -1.0799998707241478 -1.0799998707241478 
-1.0799998707241478 -1.0799998707241478 -1.0799998707241478 
-1.0799998707241478 -1.0799998707241478 0.2510001129574251 
0.2510001129574251 0.2510001129574251 0.2510001129574251 
0.2510001129574251 0.2510001129574251 0.2510001129574251 
0.2510001129574251 0.2510001129574251 0.2510001129574251 
1.582000096638998 1.582000096638998 1.582000096638998 
1.582000096638998 1.582000096638998 1.582000096638998 
1.582000096638998 1.582000096638998 1.582000096638998 
1.582000096638998 2.913000080320572 2.913000080320572 
2.913000080320572 2.913000080320572 2.913000080320572 
2.913000080320572 2.913000080320572 2.913000080320572 
2.913000080320572 2.913000080320572 4.244000064002144 
4.244000064002144 4.244000064002144 4.244000064002144 
4.244000064002144 4.244000064002144 4.244000064002144 
4.244000064002144 4.244000064002144 4.244000064002144 
5.575000047683716 5.575000047683716 5.575000047683716 
5.575000047683716 5.575000047683716 5.575000047683716 
5.575000047683716 5.575000047683716 5.575000047683716 
5.575000047683716 -5.1540000438690186 -5.1540000438690186 
-5.1540000438690186 -5.1540000438690186 -5.1540000438690186 
-5.1540000438690186 -5.1540000438690186 -5.1540000438690186 
-5.1540000438690186 -5.1540000438690186 -5.1540000438690186 
-5.1540000438690186 -5.1540000438690186 -5.1540000438690186 
-5.1540000438690186 -5.1540000438690186 -5.1540000438690186 
-5.1540000438690186 -5.1540000438690186 -5.1540000438690186 
-5.1540000438690186 -5.1540000438690186 -5.1540000438690186 
-5.1540000438690186 -5.1540000438690186 -5.1540000438690186 
-5.1540000438690186 -5.1540000438690186 -5.1540000438690186 
-5.1540000438690186 -5.1540000438690186 -5.1540000438690186 
-5.1540000438690186 -5.1540000438690186 -5.1540000438690186 
-5.1540000438690186 -5.1540000438690186 -5.1540000438690186 
-5.1540000438690186 -5.1540000438690186 -5.1540000438690186 
-5.1540000438690186 -5.1540000438690186 -5.1540000438690186 
-5.1540000438690186 -5.1540000438690186 -5.1540000438690186 
-5.1540000438690186 -5.1540000438690186 -5.1540000438690186 
-5.1540000438690186 -5.1540000438690186 -5.1540000438690186 
-5.1540000438690186 -5.1540000438690186 -5.1540000438690186 
-5.1540000438690186 -5.1540000438690186 -5.1540000438690186 
-5.1540000438690186 -5.1540000438690186 -5.1540000438690186 
-5.1540000438690186 -5.1540000438690186 -5.1540000438690186 
-5.1540000438690186 -5.1540000438690186 -5.1540000438690186 
-5.1540000438690186 -5.1540000438690186 -5.1540000438690186 
-5.1540000438690186 -5.1540000438690186 -5.1540000438690186 
-5.1540000438690186 -5.1540000438690186 -5.1540000438690186 
-5.1540000438690186 -5.1540000438690186 -5.1540000438690186 
-5.1540000438690186 -5.1540000438690186 -5.1540000438690186 
-5.1540000438690186 -5.1540000438690186 -5.1540000438690186 
-5.1540000438690186 -5.1540000438690186 -5.1540000438690186 
-5.1540000438690186 -5.1540000438690186 -5.1540000438690186 
-5.1540000438690186 -5.1540000438690186 -5.1540000438690186 
-5.1540000438690186 -5.1540000438690186 -5.1540000438690186 
-5.1540000438690186 -5.1540000438690186 -4.005888938903809 
-4.005888938903809 -4.005888938903809 -4.005888938903809 
-4.005888938903809 -4.005888938903809 -4.005888938903809 
-4.005888938903809 -4.005888938903809 -4.005888938903809 
-4.005888938903809 -4.005888938903809 -4.005888938903809 
-4.005888938903809 -4.005888938903809 -4.005888938903809 
-4.005888938903809 -4.005888938903809 -4.005888938903809 
-4.005888938903809 -4.005888938903809 -4.005888938903809 
-4.005888938903809 -4.005888938903809 -4.005888938903809 
-4.005888938903809 -4.005888938903809 -4.005888938903809 
-4.005888938903809 -4.005888938903809 -4.005888938903809 
-4.005888938903809 -4.005888938903809 -4.005888938903809 
-4.005888938903809 -4.005888938903809 -4.005888938903809 
-4.005888938903809 -4.005888938903809 -4.005888938903809 
-4.005888938903809 -4.005888938903809 -4.005888938903809 
-4.005888938903809 -4.005888938903809 -4.005888938903809 
-4.005888938903809 -4.005888938903809 -4.005888938903809 
-4.005888938903809 -4.005888938903809 -4.005888938903809 
-4.005888938903809 -4.005888938903809 -4.005888938903809 
-4.005888938903809 -4.005888938903809 -4.005888938903809 
-4.005888938903809 -4.005888938903809 -4.005888938903809 
-4.005888938903809 -4.005888938903809 -4.005888938903809 
-4.005888938903809 -4.005888938903809 -4.005888938903809 
-4.005888938903809 -4.005888938903809 -4.005888938903809 
-4.005888938903809 -4.005888938903809 -4.005888938903809 
-4.005888938903809 -4.005888938903809 -4.005888938903809 
-4.005888938903809 -4.005888938903809 -4.005888938903809 
-4.005888938903809 -4.005888938903809 -4.005888938903809 
-4.005888938903809 -4.005888938903809 -4.005888938903809 
-4.005888938903809 -4.005888938903809 -4.005888938903809 
-4.005888938903809 -4.005888938903809 -4.005888938903809 
-4.005888938903809 -4.005888938903809 -4.005888938903809 
-4.005888938903809 -4.005888938903809 -4.005888938903809 
-4.005888938903809 -4.005888938903809 -4.005888938903809 
-2.8577778339385986 -2.8577778339385986 -2.8577778339385986 
-2.8577778339385986 -2.8577778339385986 -2.8577778339385986 
-2.8577778339385986 -2.8577778339385986 -2.8577778339385986 
-2.8577778339385986 -2.8577778339385986 -2.8577778339385986 
-2.8577778339385986 -2.8577778339385986 -2.8577778339385986 
-2.8577778339385986 -2.8577778339385986 -2.8577778339385986 
-2.8577778339385986 -2.8577778339385986 -2.8577778339385986 
-2.8577778339385986 -2.8577778339385986 -2.8577778339385986 
-2.8577778339385986 -2.8577778339385986 -2.8577778339385986 
-2.8577778339385986 -2.8577778339385986 -2.8577778339385986 
-2.8577778339385986 -2.8577778339385986 -2.8577778339385986 
-2.8577778339385986 -2.8577778339385986 -2.8577778339385986 
-2.8577778339385986 -2.8577778339385986 -2.8577778339385986 
-2.8577778339385986 -2.8577778339385986 -2.8577778339385986 
-2.8577778339385986 -2.8577778339385986 -2.8577778339385986 
-2.8577778339385986 -2.8577778339385986 -2.8577778339385986 
-2.8577778339385986 -2.8577778339385986 -2.8577778339385986 
-2.8577778339385986 -2.8577778339385986 -2.8577778339385986 
-2.8577778339385986 -2.8577778339385986 -2.8577778339385986 
-2.8577778339385986 -2.8577778339385986 -2.8577778339385986 
-2.8577778339385986 -2.8577778339385986 -2.8577778339385986 
-2.8577778339385986 -2.8577778339385986 -2.8577778339385986 
-2.8577778339385986 -2.8577778339385986 -2.8577778339385986 
-2.8577778339385986 -2.8577778339385986 -2.8577778339385986 
-2.8577778339385986 -2.8577778339385986 -2.8577778339385986 
-2.8577778339385986 -2.8577778339385986 -2.8577778339385986 
-2.8577778339385986 -2.8577778339385986 -2.8577778339385986 
-2.8577778339385986 -2.8577778339385986 -2.8577778339385986 
-2.8577778339385986 -2.8577778339385986 -2.8577778339385986 
-2.8577778339385986 -2.8577778339385986 -2.8577778339385986 
-2.8577778339385986 -2.8577778339385986 -2.8577778339385986 
-2.8577778339385986 -2.8577778339385986 -2.8577778339385986 
-2.8577778339385986 -2.8577778339385986 -2.8577778339385986 
-2.8577778339385986 -1.7096667289733887 -1.7096667289733887 
-1.7096667289733887 -1.7096667289733887 -1.7096667289733887 
-1.7096667289733887 -1.7096667289733887 -1.7096667289733887 
-1.7096667289733887 -1.7096667289733887 -1.7096667289733887 
-1.7096667289733887 -1.7096667289733887 -1.7096667289733887 
-1.7096667289733887 -1.7096667289733887 -1.7096667289733887 
-1.7096667289733887 -1.7096667289733887 -1.7096667289733887 
-1.7096667289733887 -1.7096667289733887 -1.7096667289733887 
-1.7096667289733887 -1.7096667289733887 -1.7096667289733887 
-1.7096667289733887 -1.7096667289733887 -1.7096667289733887 
-1.7096667289733887 -1.7096667289733887 -1.7096667289733887 
-1.7096667289733887 -1.7096667289733887 -1.7096667289733887 
-1.7096667289733887 -1.7096667289733887 -1.7096667289733887 
-1.7096667289733887 -1.7096667289733887 -1.7096667289733887 
-1.7096667289733887 -1.7096667289733887 -1.7096667289733887 
-1.7096667289733887 -1.7096667289733887 -1.7096667289733887 
-1.7096667289733887 -1.7096667289733887 -1.7096667289733887 
-1.7096667289733887 -1.7096667289733887 -1.7096667289733887 
-1.7096667289733887 -1.7096667289733887 -1.7096667289733887 
-1.7096667289733887 -1.7096667289733887 -1.7096667289733887 
-1.7096667289733887 -1.7096667289733887 -1.7096667289733887 
-1.7096667289733887 -1.7096667289733887 -1.7096667289733887 
-1.7096667289733887 -1.7096667289733887 -1.7096667289733887 
-1.7096667289733887 -1.7096667289733887 -1.7096667289733887 
-1.7096667289733887 -1.7096667289733887 -1.7096667289733887 
-1.7096667289733887 -1.7096667289733887 -1.7096667289733887 
-1.7096667289733887 -1.7096667289733887 -1.7096667289733887 
-1.7096667289733887 -1.7096667289733887 -1.7096667289733887 
-1.7096667289733887 -1.7096667289733887 -1.7096667289733887 
-1.7096667289733887 -1.7096667289733887 -1.7096667289733887 
-1.7096667289733887 -1.7096667289733887 -1.7096667289733887 
-1.7096667289733887 -1.7096667289733887 -1.7096667289733887 
-1.7096667289733887 -1.7096667289733887 -1.7096667289733887 
-1.7096667289733887 -1.7096667289733887 -0.5615556240081787 
-0.5615556240081787 -0.5615556240081787 -0.5615556240081787 
-0.5615556240081787 -0.5615556240081787 -0.5615556240081787 
-0.5615556240081787 -0.5615556240081787 -0.5615556240081787 
-0.5615556240081787 -0.5615556240081787 -0.5615556240081787 
-0.5615556240081787 -0.5615556240081787 -0.5615556240081787 
-0.5615556240081787 -0.5615556240081787 -0.5615556240081787 
-0.5615556240081787 -0.5615556240081787 -0.5615556240081787 
-0.5615556240081787 -0.5615556240081787 -0.5615556240081787 
-0.5615556240081787 -0.5615556240081787 -0.5615556240081787 
-0.5615556240081787 -0.5615556240081787 -0.5615556240081787 
-0.5615556240081787 -0.5615556240081787 -0.5615556240081787 
-0.5615556240081787 -0.5615556240081787 -0.5615556240081787 
-0.5615556240081787 -0.5615556240081787 -0.5615556240081787 
-0.5615556240081787 -0.5615556240081787 -0.5615556240081787 
-0.5615556240081787 -0.5615556240081787 -0.5615556240081787 
-0.5615556240081787 -0.5615556240081787 -0.5615556240081787 
-0.5615556240081787 -0.5615556240081787 -0.5615556240081787 
-0.5615556240081787 -0.5615556240081787 -0.5615556240081787 
-0.5615556240081787 -0.5615556240081787 -0.5615556240081787 
-0.5615556240081787 -0.5615556240081787 -0.5615556240081787 
-0.5615556240081787 -0.5615556240081787 -0.5615556240081787 
-0.5615556240081787 -0.5615556240081787 -0.5615556240081787 
-0.5615556240081787 -0.5615556240081787 -0.5615556240081787 
-0.5615556240081787 -0.5615556240081787 -0.5615556240081787 
-0.5615556240081787 -0.5615556240081787 -0.5615556240081787 
-0.5615556240081787 -0.5615556240081787 -0.5615556240081787 
-0.5615556240081787 -0.5615556240081787 -0.5615556240081787 
-0.5615556240081787 -0.5615556240081787 -0.5615556240081787 
-0.5615556240081787 -0.5615556240081787 -0.5615556240081787 
-0.5615556240081787 -0.5615556240081787 -0.5615556240081787 
-0.5615556240081787 -0.5615556240081787 -0.5615556240081787 
-0.5615556240081787 -0.5615556240081787 -0.5615556240081787 
-0.5615556240081787 -0.5615556240081787 -0.5615556240081787 
0.5865554809570312 0.5865554809570312 0.5865554809570312 
0.5865554809570312 0.5865554809570312 0.5865554809570312 
0.5865554809570312 0.5865554809570312 0.5865554809570312 
0.5865554809570312 0.5865554809570312 0.5865554809570312 
0.5865554809570312 0.5865554809570312 0.5865554809570312 
0.5865554809570312 0.5865554809570312 0.5865554809570312 
0.5865554809570312 0.5865554809570312 0.5865554809570312 
0.5865554809570312 0.5865554809570312 0.5865554809570312 
0.5865554809570312 0.5865554809570312 0.5865554809570312 
0.5865554809570312 0.5865554809570312 0.5865554809570312 
0.5865554809570312 0.5865554809570312 0.5865554809570312 
0.5865554809570312 0.5865554809570312 0.5865554809570312 
0.5865554809570312 0.5865554809570312 0.5865554809570312 
0.5865554809570312 0.5865554809570312 0.5865554809570312 
0.5865554809570312 0.5865554809570312 0.5865554809570312 
0.5865554809570312 0.5865554809570312 0.5865554809570312 
0.5865554809570312 0.5865554809570312 0.5865554809570312 
0.5865554809570312 0.5865554809570312 0.5865554809570312 
0.5865554809570312 0.5865554809570312 0.5865554809570312 
0.5865554809570312 0.5865554809570312 0.5865554809570312 
0.5865554809570312 0.5865554809570312 0.5865554809570312 
0.5865554809570312 0.5865554809570312 0.5865554809570312 
0.5865554809570312 0.5865554809570312 0.5865554809570312 
0.5865554809570312 0.5865554809570312 0.5865554809570312 
0.5865554809570312 0.5865554809570312 0.5865554809570312 
0.5865554809570312 0.5865554809570312 0.5865554809570312 
0.5865554809570312 0.5865554809570312 0.5865554809570312 
0.5865554809570312 0.5865554809570312 0.5865554809570312 
0.5865554809570312 0.5865554809570312 0.5865554809570312 
0.5865554809570312 0.5865554809570312 0.5865554809570312 
0.5865554809570312 0.5865554809570312 0.5865554809570312 
0.5865554809570312 0.5865554809570312 0.5865554809570312 
0.5865554809570312 0.5865554809570312 0.5865554809570312 
0.5865554809570312 1.7346665859222412 1.7346665859222412 
1.7346665859222412 1.7346665859222412 1.7346665859222412 
1.7346665859222412 1.7346665859222412 1.7346665859222412 
1.7346665859222412 1.7346665859222412 1.7346665859222412 
1.7346665859222412 1.7346665859222412 1.7346665859222412 
1.7346665859222412 1.7346665859222412 1.7346665859222412 
1.7346665859222412 1.7346665859222412 1.7346665859222412 
1.7346665859222412 1.7346665859222412 1.7346665859222412 
1.7346665859222412 1.7346665859222412 1.7346665859222412 
1.7346665859222412 1.7346665859222412 1.7346665859222412 
1.7346665859222412 1.7346665859222412 1.7346665859222412 
1.7346665859222412 1.7346665859222412 1.7346665859222412 
1.7346665859222412 1.7346665859222412 1.7346665859222412 
1.7346665859222412 1.7346665859222412 1.7346665859222412 
1.7346665859222412 1.7346665859222412 1.7346665859222412 
1.7346665859222412 1.7346665859222412 1.7346665859222412 
1.7346665859222412 1.7346665859222412 1.7346665859222412 
1.7346665859222412 1.7346665859222412 1.7346665859222412 
1.7346665859222412 1.7346665859222412 1.7346665859222412 
1.7346665859222412 1.7346665859222412 1.7346665859222412 
1.7346665859222412 1.7346665859222412 1.7346665859222412 
1.7346665859222412 1.7346665859222412 1.7346665859222412 
1.7346665859222412 1.7346665859222412 1.7346665859222412 
1.7346665859222412 1.7346665859222412 1.7346665859222412 
1.7346665859222412 1.7346665859222412 1.7346665859222412 
1.7346665859222412 1.7346665859222412 1.7346665859222412 
1.7346665859222412 1.7346665859222412 1.7346665859222412 
1.7346665859222412 1.7346665859222412 1.7346665859222412 
1.7346665859222412 1.7346665859222412 1.7346665859222412 
1.7346665859222412 1.7346665859222412 1.7346665859222412 
1.7346665859222412 1.7346665859222412 1.7346665859222412 
1.7346665859222412 1.7346665859222412 1.7346665859222412 
1.7346665859222412 1.7346665859222412 1.7346665859222412 
1.7346665859222412 1.7346665859222412 2.882777690887451 
2.882777690887451 2.882777690887451 2.882777690887451 
2.882777690887451 2.882777690887451 2.882777690887451 
2.882777690887451 2.882777690887451 2.882777690887451 
2.882777690887451 2.882777690887451 2.882777690887451 
2.882777690887451 2.882777690887451 2.882777690887451 
2.882777690887451 2.882777690887451 2.882777690887451 
2.882777690887451 2.882777690887451 2.882777690887451 
2.882777690887451 2.882777690887451 2.882777690887451 
2.882777690887451 2.882777690887451 2.882777690887451 
2.882777690887451 2.882777690887451 2.882777690887451 
2.882777690887451 2.882777690887451 2.882777690887451 
2.882777690887451 2.882777690887451 2.882777690887451 
2.882777690887451 2.882777690887451 2.882777690887451 
2.882777690887451 2.882777690887451 2.882777690887451 
2.882777690887451 2.882777690887451 2.882777690887451 
2.882777690887451 2.882777690887451 2.882777690887451 
2.882777690887451 2.882777690887451 2.882777690887451 
2.882777690887451 2.882777690887451 2.882777690887451 
2.882777690887451 2.882777690887451 2.882777690887451 
2.882777690887451 2.882777690887451 2.882777690887451 
2.882777690887451 2.882777690887451 2.882777690887451 
2.882777690887451 2.882777690887451 2.882777690887451 
2.882777690887451 2.882777690887451 2.882777690887451 
2.882777690887451 2.882777690887451 2.882777690887451 
2.882777690887451 2.882777690887451 2.882777690887451 
2.882777690887451 2.882777690887451 2.882777690887451 
2.882777690887451 2.882777690887451 2.882777690887451 
2.882777690887451 2.882777690887451 2.882777690887451 
2.882777690887451 2.882777690887451 2.882777690887451 
2.882777690887451 2.882777690887451 2.882777690887451 
2.882777690887451 2.882777690887451 2.882777690887451 
2.882777690887451 2.882777690887451 2.882777690887451 
2.882777690887451 2.882777690887451 2.882777690887451 
4.030888795852661 4.030888795852661 4.030888795852661 
4.030888795852661 4.030888795852661 4.030888795852661 
4.030888795852661 4.030888795852661 4.030888795852661 
4.030888795852661 4.030888795852661 4.030888795852661 
4.030888795852661 4.030888795852661 4.030888795852661 
4.030888795852661 4.030888795852661 4.030888795852661 
4.030888795852661 4.030888795852661 4.030888795852661 
4.030888795852661 4.030888795852661 4.030888795852661 
4.030888795852661 4.030888795852661 4.030888795852661 
4.030888795852661 4.030888795852661 4.030888795852661 
4.030888795852661 4.030888795852661 4.030888795852661 
4.030888795852661 4.030888795852661 4.030888795852661 
4.030888795852661 4.030888795852661 4.030888795852661 
4.030888795852661 4.030888795852661 4.030888795852661 
4.030888795852661 4.030888795852661 4.030888795852661 
4.030888795852661 4.030888795852661 4.030888795852661 
4.030888795852661 4.030888795852661 4.030888795852661 
4.030888795852661 4.030888795852661 4.030888795852661 
4.030888795852661 4.030888795852661 4.030888795852661 
4.030888795852661 4.030888795852661 4.030888795852661 
4.030888795852661 4.030888795852661 4.030888795852661 
4.030888795852661 4.030888795852661 4.030888795852661 
4.030888795852661 4.030888795852661 4.030888795852661 
4.030888795852661 4.030888795852661 4.030888795852661 
4.030888795852661 4.030888795852661 4.030888795852661 
4.030888795852661 4.030888795852661 4.030888795852661 
4.030888795852661 4.030888795852661 4.030888795852661 
4.030888795852661 4.030888795852661 4.030888795852661 
4.030888795852661 4.030888795852661 4.030888795852661 
4.030888795852661 4.030888795852661 4.030888795852661 
4.030888795852661 4.030888795852661 4.030888795852661 
4.030888795852661 4.030888795852661 4.030888795852661 
4.030888795852661 4.030888795852661 4.030888795852661 
4.030888795852661 5.178999900817871 5.178999900817871 
5.178999900817871 5.178999900817871 5.178999900817871 
5.178999900817871 5.178999900817871 5.178999900817871 
5.178999900817871 5.178999900817871 5.178999900817871 
5.178999900817871 5.178999900817871 5.178999900817871 
5.178999900817871 5.178999900817871 5.178999900817871 
5.178999900817871 5.178999900817871 5.178999900817871 
5.178999900817871 5.178999900817871 5.178999900817871 
5.178999900817871 5.178999900817871 5.178999900817871 
5.178999900817871 5.178999900817871 5.178999900817871 
5.178999900817871 5.178999900817871 5.178999900817871 
5.178999900817871 5.178999900817871 5.178999900817871 
5.178999900817871 5.178999900817871 5.178999900817871 
5.178999900817871 5.178999900817871 5.178999900817871 
5.178999900817871 5.178999900817871 5.178999900817871 
5.178999900817871 5.178999900817871 5.178999900817871 
5.178999900817871 5.178999900817871 5.178999900817871 
5.178999900817871 5.178999900817871 5.178999900817871 
5.178999900817871 5.178999900817871 5.178999900817871 
5.178999900817871 5.178999900817871 5.178999900817871 
5.178999900817871 5.178999900817871 5.178999900817871 
5.178999900817871 5.178999900817871 5.178999900817871 
5.178999900817871 5.178999900817871 5.178999900817871 
5.178999900817871 5.178999900817871 5.178999900817871 
5.178999900817871 5.178999900817871 5.178999900817871 
5.178999900817871 5.178999900817871 5.178999900817871 
5.178999900817871 5.178999900817871 5.178999900817871 
5.178999900817871 5.178999900817871 5.178999900817871 
5.178999900817871 5.178999900817871 5.178999900817871 
5.178999900817871 5.178999900817871 5.178999900817871 
5.178999900817871 5.178999900817871 5.178999900817871 
5.178999900817871 5.178999900817871 5.178999900817871 
5.178999900817871 5.178999900817871 5.178999900817871 
5.178999900817871 5.178999900817871 -3.7200000286102295 
-2.909888916545444 -2.0997778044806585 -1.289666692415873 
-0.4795555803510876 0.33055553171369745 1.1406666437784834 
1.9507777558432693 2.7608888679080543 3.5709999799728394 
-3.7200000286102295 -2.909888916545444 -2.0997778044806585 
-1.289666692415873 -0.4795555803510876 0.33055553171369745 
1.1406666437784834 1.9507777558432693 2.7608888679080543 
3.5709999799728394 -3.7200000286102295 -2.909888916545444 
-2.0997778044806585 -1.289666692415873 -0.4795555803510876 
0.33055553171369745 1.1406666437784834 1.9507777558432693 
2.7608888679080543 3.5709999799728394 -3.7200000286102295 
-2.909888916545444 -2.0997778044806585 -1.289666692415873 
-0.4795555803510876 0.33055553171369745 1.1406666437784834 
1.9507777558432693 2.7608888679080543 3.5709999799728394 
-3.7200000286102295 -2.909888916545444 -2.0997778044806585 
-1.289666692415873 -0.4795555803510876 0.33055553171369745 
1.1406666437784834 1.9507777558432693 2.7608888679080543 
3.5709999799728394 -3.7200000286102295 -2.909888916545444 
-2.0997778044806585 -1.289666692415873 -0.4795555803510876 
0.33055553171369745 1.1406666437784834 1.9507777558432693 
2.7608888679080543 3.5709999799728394 -3.7200000286102295 
-2.909888916545444 -2.0997778044806585 -1.289666692415873 
-0.4795555803510876 0.33055553171369745 1.1406666437784834 
1.9507777558432693 2.7608888679080543 3.5709999799728394 
-3.7200000286102295 -2.909888916545444 -2.0997778044806585 
-1.289666692415873 -0.4795555803510876 0.33055553171369745 
1.1406666437784834 1.9507777558432693 2.7608888679080543 
3.5709999799728394 -3.7200000286102295 -2.909888916545444 
-2.0997778044806585 -1.289666692415873 -0.4795555803510876 
0.33055553171369745 1.1406666437784834 1.9507777558432693 
2.7608888679080543 3.5709999799728394 -3.7200000286102295 
-2.909888916545444 -2.0997778044806585 -1.289666692415873 
-0.4795555803510876 0.33055553171369745 1.1406666437784834 
1.9507777558432693 2.7608888679080543 3.5709999799728394 
-3.7200000286102295 -2.909888916545444 -2.0997778044806585 
-1.289666692415873 -0.4795555803510876 0.33055553171369745 
1.1406666437784834 1.9507777558432693 2.7608888679080543 
3.5709999799728394 -3.7200000286102295 -2.909888916545444 
-2.0997778044806585 -1.289666692415873 -0.4795555803510876 
0.33055553171369745 1.1406666437784834 1.9507777558432693 
2.7608888679080543 3.5709999799728394 -3.7200000286102295 
-2.909888916545444 -2.0997778044806585 -1.289666692415873 
-0.4795555803510876 0.33055553171369745 1.1406666437784834 
1.9507777558432693 2.7608888679080543 3.5709999799728394 
-3.7200000286102295 -2.909888916545444 -2.0997778044806585 
-1.289666692415873 -0.4795555803510876 0.33055553171369745 
1.1406666437784834 1.9507777558432693 2.7608888679080543 
3.5709999799728394 -3.7200000286102295 -2.909888916545444 
-2.0997778044806585 -1.289666692415873 -0.4795555803510876 
0.33055553171369745 1.1406666437784834 1.9507777558432693 
2.7608888679080543 3.5709999799728394 -3.7200000286102295 
-2.909888916545444 -2.0997778044806585 -1.289666692415873 
-0.4795555803510876 0.33055553171369745 1.1406666437784834 
1.9507777558432693 2.7608888679080543 3.5709999799728394 
-3.7200000286102295 -2.909888916545444 -2.0997778044806585 
-1.289666692415873 -0.4795555803510876 0.33055553171369745 
1.1406666437784834 1.9507777558432693 2.7608888679080543 
3.5709999799728394 -3.7200000286102295 -2.909888916545444 
-2.0997778044806585 -1.289666692415873 -0.4795555803510876 
0.33055553171369745 1.1406666437784834 1.9507777558432693 
2.7608888679080543 3.5709999799728394 -3.7200000286102295 
-2.909888916545444 -2.0997778044806585 -1.289666692415873 
-0.4795555803510876 0.33055553171369745 1.1406666437784834 
1.9507777558432693 2.7608888679080543 3.5709999799728394 
-3.7200000286102295 -2.909888916545444 -2.0997778044806585 
-1.289666692415873 -0.4795555803510876 0.33055553171369745 
1.1406666437784834 1.9507777558432693 2.7608888679080543 
3.5709999799728394 -3.7200000286102295 -2.909888916545444 
-2.0997778044806585 -1.289666692415873 -0.4795555803510876 
0.33055553171369745 1.1406666437784834 1.9507777558432693 
2.7608888679080543 3.5709999799728394 -3.7200000286102295 
-2.909888916545444 -2.0997778044806585 -1.289666692415873 
-0.4795555803510876 0.33055553171369745 1.1406666437784834 
1.9507777558432693 2.7608888679080543 3.5709999799728394 
-3.7200000286102295 -2.909888916545444 -2.0997778044806585 
-1.289666692415873 -0.4795555803510876 0.33055553171369745 
1.1406666437784834 1.9507777558432693 2.7608888679080543 
3.5709999799728394 -3.7200000286102295 -2.909888916545444 
-2.0997778044806585 -1.289666692415873 -0.4795555803510876 
0.33055553171369745 1.1406666437784834 1.9507777558432693 
2.7608888679080543 3.5709999799728394 -3.7200000286102295 
-2.909888916545444 -2.0997778044806585 -1.289666692415873 
-0.4795555803510876 0.33055553171369745 1.1406666437784834 
1.9507777558432693 2.7608888679080543 3.5709999799728394 
-3.7200000286102295 -2.909888916545444 -2.0997778044806585 
-1.289666692415873 -0.4795555803510876 0.33055553171369745 
1.1406666437784834 1.9507777558432693 2.7608888679080543 
3.5709999799728394 -3.7200000286102295 -2.909888916545444 
-2.0997778044806585 -1.289666692415873 -0.4795555803510876 
0.33055553171369745 1.1406666437784834 1.9507777558432693 
2.7608888679080543 3.5709999799728394 -3.7200000286102295 
-2.909888916545444 -2.0997778044806585 -1.289666692415873 
-0.4795555803510876 0.33055553171369745 1.1406666437784834 
1.9507777558432693 2.7608888679080543 3.5709999799728394 
-3.7200000286102295 -2.909888916545444 -2.0997778044806585 
-1.289666692415873 -0.4795555803510876 0.33055553171369745 
1.1406666437784834 1.9507777558432693 2.7608888679080543 
3.5709999799728394 -3.7200000286102295 -2.909888916545444 
-2.0997778044806585 -1.289666692415873 -0.4795555803510876 
0.33055553171369745 1.1406666437784834 1.9507777558432693 
2.7608888679080543 3.5709999799728394 -3.7200000286102295 
-2.909888916545444 -2.0997778044806585 -1.289666692415873 
-0.4795555803510876 0.33055553171369745 1.1406666437784834 
1.9507777558432693 2.7608888679080543 3.5709999799728394 
-3.7200000286102295 -2.909888916545444 -2.0997778044806585 
-1.289666692415873 -0.4795555803510876 0.33055553171369745 
1.1406666437784834 1.9507777558432693 2.7608888679080543 
3.5709999799728394 -3.7200000286102295 -2.909888916545444 
-2.0997778044806585 -1.289666692415873 -0.4795555803510876 
0.33055553171369745 1.1406666437784834 1.9507777558432693 
2.7608888679080543 3.5709999799728394 -3.7200000286102295 
-2.909888916545444 -2.0997778044806585 -1.289666692415873 
-0.4795555803510876 0.33055553171369745 1.1406666437784834 
1.9507777558432693 2.7608888679080543 3.5709999799728394 
-3.7200000286102295 -2.909888916545444 -2.0997778044806585 
-1.289666692415873 -0.4795555803510876 0.33055553171369745 
1.1406666437784834 1.9507777558432693 2.7608888679080543 
3.5709999799728394 -3.7200000286102295 -2.909888916545444 
-2.0997778044806585 -1.289666692415873 -0.4795555803510876 
0.33055553171369745 1.1406666437784834 1.9507777558432693 
2.7608888679080543 3.5709999799728394 -3.7200000286102295 
-2.909888916545444 -2.0997778044806585 -1.289666692415873 
-0.4795555803510876 0.33055553171369745 1.1406666437784834 
1.9507777558432693 2.7608888679080543 3.5709999799728394 
-3.7200000286102295 -2.909888916545444 -2.0997778044806585 
-1.289666692415873 -0.4795555803510876 0.33055553171369745 
1.1406666437784834 1.9507777558432693 2.7608888679080543 
3.5709999799728394 -3.7200000286102295 -2.909888916545444 
-2.0997778044806585 -1.289666692415873 -0.4795555803510876 
0.33055553171369745 1.1406666437784834 1.9507777558432693 
2.7608888679080543 3.5709999799728394 -3.7200000286102295 
-2.909888916545444 -2.0997778044806585 -1.289666692415873 
-0.4795555803510876 0.33055553171369745 1.1406666437784834 
1.9507777558432693 2.7608888679080543 3.5709999799728394 
-3.7200000286102295 -2.909888916545444 -2.0997778044806585 
-1.289666692415873 -0.4795555803510876 0.33055553171369745 
1.1406666437784834 1.9507777558432693 2.7608888679080543 
3.5709999799728394 -3.7200000286102295 -2.909888916545444 
-2.0997778044806585 -1.289666692415873 -0.4795555803510876 
0.33055553171369745 1.1406666437784834 1.9507777558432693 
2.7608888679080543 3.5709999799728394 -3.7200000286102295 
-2.909888916545444 -2.0997778044806585 -1.289666692415873 
-0.4795555803510876 0.33055553171369745 1.1406666437784834 
1.9507777558432693 2.7608888679080543 3.5709999799728394 
-3.7200000286102295 -2.909888916545444 -2.0997778044806585 
-1.289666692415873 -0.4795555803510876 0.33055553171369745 
1.1406666437784834 1.9507777558432693 2.7608888679080543 
3.5709999799728394 -3.7200000286102295 -2.909888916545444 
-2.0997778044806585 -1.289666692415873 -0.4795555803510876 
0.33055553171369745 1.1406666437784834 1.9507777558432693 
2.7608888679080543 3.5709999799728394 -3.7200000286102295 
-2.909888916545444 -2.0997778044806585 -1.289666692415873 
-0.4795555803510876 0.33055553171369745 1.1406666437784834 
1.9507777558432693 2.7608888679080543 3.5709999799728394 
-3.7200000286102295 -2.909888916545444 -2.0997778044806585 
-1.289666692415873 -0.4795555803510876 0.33055553171369745 
1.1406666437784834 1.9507777558432693 2.7608888679080543 
3.5709999799728394 -3.7200000286102295 -2.909888916545444 
-2.0997778044806585 -1.289666692415873 -0.4795555803510876 
0.33055553171369745 1.1406666437784834 1.9507777558432693 
2.7608888679080543 3.5709999799728394 -3.7200000286102295 
-2.909888916545444 -2.0997778044806585 -1.289666692415873 
-0.4795555803510876 0.33055553171369745 1.1406666437784834 
1.9507777558432693 2.7608888679080543 3.5709999799728394 
-3.7200000286102295 -2.909888916545444 -2.0997778044806585 
-1.289666692415873 -0.4795555803510876 0.33055553171369745 
1.1406666437784834 1.9507777558432693 2.7608888679080543 
3.5709999799728394 -3.7200000286102295 -2.909888916545444 
-2.0997778044806585 -1.289666692415873 -0.4795555803510876 
0.33055553171369745 1.1406666437784834 1.9507777558432693 
2.7608888679080543 3.5709999799728394 -3.7200000286102295 
-2.909888916545444 -2.0997778044806585 -1.289666692415873 
-0.4795555803510876 0.33055553171369745 1.1406666437784834 
1.9507777558432693 2.7608888679080543 3.5709999799728394 
-3.7200000286102295 -2.909888916545444 -2.0997778044806585 
-1.289666692415873 -0.4795555803510876 0.33055553171369745 
1.1406666437784834 1.9507777558432693 2.7608888679080543 
3.5709999799728394 -3.7200000286102295 -2.909888916545444 
-2.0997778044806585 -1.289666692415873 -0.4795555803510876 
0.33055553171369745 1.1406666437784834 1.9507777558432693 
2.7608888679080543 3.5709999799728394 -3.7200000286102295 
-2.909888916545444 -2.0997778044806585 -1.289666692415873 
-0.4795555803510876 0.33055553171369745 1.1406666437784834 
1.9507777558432693 2.7608888679080543 3.5709999799728394 
-3.7200000286102295 -2.909888916545444 -2.0997778044806585 
-1.289666692415873 -0.4795555803510876 0.33055553171369745 
1.1406666437784834 1.9507777558432693 2.7608888679080543 
3.5709999799728394 -3.7200000286102295 -2.909888916545444 
-2.0997778044806585 -1.289666692415873 -0.4795555803510876 
0.33055553171369745 1.1406666437784834 1.9507777558432693 
2.7608888679080543 3.5709999799728394 -3.7200000286102295 
-2.909888916545444 -2.0997778044806585 -1.289666692415873 
-0.4795555803510876 0.33055553171369745 1.1406666437784834 
1.9507777558432693 2.7608888679080543 3.5709999799728394 
-3.7200000286102295 -2.909888916545444 -2.0997778044806585 
-1.289666692415873 -0.4795555803510876 0.33055553171369745 
1.1406666437784834 1.9507777558432693 2.7608888679080543 
3.5709999799728394 -3.7200000286102295 -2.909888916545444 
-2.0997778044806585 -1.289666692415873 -0.4795555803510876 
0.33055553171369745 1.1406666437784834 1.9507777558432693 
2.7608888679080543 3.5709999799728394 -3.7200000286102295 
-2.909888916545444 -2.0997778044806585 -1.289666692415873 
-0.4795555803510876 0.33055553171369745 1.1406666437784834 
1.9507777558432693 2.7608888679080543 3.5709999799728394 
-3.7200000286102295 -2.909888916545444 -2.0997778044806585 
-1.289666692415873 -0.4795555803510876 0.33055553171369745 
1.1406666437784834 1.9507777558432693 2.7608888679080543 
3.5709999799728394 -3.7200000286102295 -2.909888916545444 
-2.0997778044806585 -1.289666692415873 -0.4795555803510876 
0.33055553171369745 1.1406666437784834 1.9507777558432693 
2.7608888679080543 3.5709999799728394 -3.7200000286102295 
-2.909888916545444 -2.0997778044806585 -1.289666692415873 
-0.4795555803510876 0.33055553171369745 1.1406666437784834 
1.9507777558432693 2.7608888679080543 3.5709999799728394 
-3.7200000286102295 -2.909888916545444 -2.0997778044806585 
-1.289666692415873 -0.4795555803510876 0.33055553171369745 
1.1406666437784834 1.9507777558432693 2.7608888679080543 
3.5709999799728394 -3.7200000286102295 -2.909888916545444 
-2.0997778044806585 -1.289666692415873 -0.4795555803510876 
0.33055553171369745 1.1406666437784834 1.9507777558432693 
2.7608888679080543 3.5709999799728394 -3.7200000286102295 
-2.909888916545444 -2.0997778044806585 -1.289666692415873 
-0.4795555803510876 0.33055553171369745 1.1406666437784834 
1.9507777558432693 2.7608888679080543 3.5709999799728394 
-3.7200000286102295 -2.909888916545444 -2.0997778044806585 
-1.289666692415873 -0.4795555803510876 0.33055553171369745 
1.1406666437784834 1.9507777558432693 2.7608888679080543 
3.5709999799728394 -3.7200000286102295 -2.909888916545444 
-2.0997778044806585 -1.289666692415873 -0.4795555803510876 
0.33055553171369745 1.1406666437784834 1.9507777558432693 
2.7608888679080543 3.5709999799728394 -3.7200000286102295 
-2.909888916545444 -2.0997778044806585 -1.289666692415873 
-0.4795555803510876 0.33055553171369745 1.1406666437784834 
1.9507777558432693 2.7608888679080543 3.5709999799728394 
-3.7200000286102295 -2.909888916545444 -2.0997778044806585 
-1.289666692415873 -0.4795555803510876 0.33055553171369745 
1.1406666437784834 1.9507777558432693 2.7608888679080543 
3.5709999799728394 -3.7200000286102295 -2.909888916545444 
-2.0997778044806585 -1.289666692415873 -0.4795555803510876 
0.33055553171369745 1.1406666437784834 1.9507777558432693 
2.7608888679080543 3.5709999799728394 -3.7200000286102295 
-2.909888916545444 -2.0997778044806585 -1.289666692415873 
-0.4795555803510876 0.33055553171369745 1.1406666437784834 
1.9507777558432693 2.7608888679080543 3.5709999799728394 
-3.7200000286102295 -2.909888916545444 -2.0997778044806585 
-1.289666692415873 -0.4795555803510876 0.33055553171369745 
1.1406666437784834 1.9507777558432693 2.7608888679080543 
3.5709999799728394 -3.7200000286102295 -2.909888916545444 
-2.0997778044806585 -1.289666692415873 -0.4795555803510876 
0.33055553171369745 1.1406666437784834 1.9507777558432693 
2.7608888679080543 3.5709999799728394 -3.7200000286102295 
-2.909888916545444 -2.0997778044806585 -1.289666692415873 
-0.4795555803510876 0.33055553171369745 1.1406666437784834 
1.9507777558432693 2.7608888679080543 3.5709999799728394 
-3.7200000286102295 -2.909888916545444 -2.0997778044806585 
-1.289666692415873 -0.4795555803510876 0.33055553171369745 
1.1406666437784834 1.9507777558432693 2.7608888679080543 
3.5709999799728394 -3.7200000286102295 -2.909888916545444 
-2.0997778044806585 -1.289666692415873 -0.4795555803510876 
0.33055553171369745 1.1406666437784834 1.9507777558432693 
2.7608888679080543 3.5709999799728394 -3.7200000286102295 
-2.909888916545444 -2.0997778044806585 -1.289666692415873 
-0.4795555803510876 0.33055553171369745 1.1406666437784834 
1.9507777558432693 2.7608888679080543 3.5709999799728394 
-3.7200000286102295 -2.909888916545444 -2.0997778044806585 
-1.289666692415873 -0.4795555803510876 0.33055553171369745 
1.1406666437784834 1.9507777558432693 2.7608888679080543 
3.5709999799728394 -3.7200000286102295 -2.909888916545444 
-2.0997778044806585 -1.289666692415873 -0.4795555803510876 
0.33055553171369745 1.1406666437784834 1.9507777558432693 
2.7608888679080543 3.5709999799728394 -3.7200000286102295 
-2.909888916545444 -2.0997778044806585 -1.289666692415873 
-0.4795555803510876 0.33055553171369745 1.1406666437784834 
1.9507777558432693 2.7608888679080543 3.5709999799728394 
-3.7200000286102295 -2.909888916545444 -2.0997778044806585 
-1.289666692415873 -0.4795555803510876 0.33055553171369745 
1.1406666437784834 1.9507777558432693 2.7608888679080543 
3.5709999799728394 -3.7200000286102295 -2.909888916545444 
-2.0997778044806585 -1.289666692415873 -0.4795555803510876 
0.33055553171369745 1.1406666437784834 1.9507777558432693 
2.7608888679080543 3.5709999799728394 -3.7200000286102295 
-2.909888916545444 -2.0997778044806585 -1.289666692415873 
-0.4795555803510876 0.33055553171369745 1.1406666437784834 
1.9507777558432693 2.7608888679080543 3.5709999799728394 
-3.7200000286102295 -2.909888916545444 -2.0997778044806585 
-1.289666692415873 -0.4795555803510876 0.33055553171369745 
1.1406666437784834 1.9507777558432693 2.7608888679080543 
3.5709999799728394 -3.7200000286102295 -2.909888916545444 
-2.0997778044806585 -1.289666692415873 -0.4795555803510876 
0.33055553171369745 1.1406666437784834 1.9507777558432693 
2.7608888679080543 3.5709999799728394 -3.7200000286102295 
-2.909888916545444 -2.0997778044806585 -1.289666692415873 
-0.4795555803510876 0.33055553171369745 1.1406666437784834 
1.9507777558432693 2.7608888679080543 3.5709999799728394 
-3.7200000286102295 -2.909888916545444 -2.0997778044806585 
-1.289666692415873 -0.4795555803510876 0.33055553171369745 
1.1406666437784834 1.9507777558432693 2.7608888679080543 
3.5709999799728394 -3.7200000286102295 -2.909888916545444 
-2.0997778044806585 -1.289666692415873 -0.4795555803510876 
0.33055553171369745 1.1406666437784834 1.9507777558432693 
2.7608888679080543 3.5709999799728394 -3.7200000286102295 
-2.909888916545444 -2.0997778044806585 -1.289666692415873 
-0.4795555803510876 0.33055553171369745 1.1406666437784834 
1.9507777558432693 2.7608888679080543 3.5709999799728394 
-3.7200000286102295 -2.909888916545444 -2.0997778044806585 
-1.289666692415873 -0.4795555803510876 0.33055553171369745 
1.1406666437784834 1.9507777558432693 2.7608888679080543 
3.5709999799728394 -3.7200000286102295 -2.909888916545444 
-2.0997778044806585 -1.289666692415873 -0.4795555803510876 
0.33055553171369745 1.1406666437784834 1.9507777558432693 
2.7608888679080543 3.5709999799728394 -3.7200000286102295 
-2.909888916545444 -2.0997778044806585 -1.289666692415873 
-0.4795555803510876 0.33055553171369745 1.1406666437784834 
1.9507777558432693 2.7608888679080543 3.5709999799728394 
-3.7200000286102295 -2.909888916545444 -2.0997778044806585 
-1.289666692415873 -0.4795555803510876 0.33055553171369745 
1.1406666437784834 1.9507777558432693 2.7608888679080543 
3.5709999799728394 -3.7200000286102295 -2.909888916545444 
-2.0997778044806585 -1.289666692415873 -0.4795555803510876 
0.33055553171369745 1.1406666437784834 1.9507777558432693 
2.7608888679080543 3.5709999799728394 -3.7200000286102295 
-2.909888916545444 -2.0997778044806585 -1.289666692415873 
-0.4795555803510876 0.33055553171369745 1.1406666437784834 
1.9507777558432693 2.7608888679080543 3.5709999799728394 
-3.7200000286102295 -2.909888916545444 -2.0997778044806585 
-1.289666692415873 -0.4795555803510876 0.33055553171369745 
1.1406666437784834 1.9507777558432693 2.7608888679080543 
3.5709999799728394 -3.7200000286102295 -2.909888916545444 
-2.0997778044806585 -1.289666692415873 -0.4795555803510876 
0.33055553171369745 1.1406666437784834 1.9507777558432693 
2.7608888679080543 3.5709999799728394 -3.7200000286102295 
-2.909888916545444 -2.0997778044806585 -1.289666692415873 
-0.4795555803510876 0.33055553171369745 1.1406666437784834 
1.9507777558432693 2.7608888679080543 3.5709999799728394 
