   -0.0025986690
   -0.0034334658
   -0.0046070594
   -0.0062899578
   -0.0085442837
   -0.0109172201
   -0.0125196926
   -0.0128052000
   -0.0119396712
   -0.0104464791
   -0.0030656653
   -0.0045105010
   -0.0068245681
   -0.0106059529
   -0.0162691351
   -0.0222783259
   -0.0252612077
   -0.0239453789
   -0.0201147844
   -0.0158450798
   -0.0033826528
   -0.0056755424
   -0.0099500979
   -0.0178702486
   -0.0307342751
   -0.0443593138
   -0.0482866644
   -0.0408095369
   -0.0300156080
   -0.0210175471
   -0.0027578473
   -0.0050079678
   -0.0093991664
   -0.0178525896
   -0.0320503243
   -0.0475340557
   -0.0521620881
   -0.0430471109
   -0.0301116190
   -0.0199858297
   -0.0007969524
   -0.0016986559
   -0.0033510905
   -0.0062662163
   -0.0109090169
   -0.0166030931
   -0.0202371936
   -0.0190337473
   -0.0148136862
   -0.0105373458
    0.0019561894
    0.0026647223
    0.0038539820
    0.0058262299
    0.0084620573
    0.0100257376
    0.0082855062
    0.0047450672
    0.0020179469
    0.0005597743
    0.0045681676
    0.0062814481
    0.0088397431
    0.0127010125
    0.0178149976
    0.0218884713
    0.0213755058
    0.0168329726
    0.0116802475
    0.0077005563
    0.0062933056
    0.0083772876
    0.0112161159
    0.0150061951
    0.0193433145
    0.0223588959
    0.0218335949
    0.0182133624
    0.0137889806
    0.0099980259
    0.0067534530
    0.0086345650
    0.0109383379
    0.0135160703
    0.0158028380
    0.0169086581
    0.0162998439
    0.0143016227
    0.0117313587
    0.0092495332
    0.0062103956
    0.0075811530
    0.0090861796
    0.0105351816
    0.0115965032
    0.0119471343
    0.0114978895
    0.0104284370
    0.0090354861
    0.0075818114
   -0.0019900405
   -0.0025431783
   -0.0033078957
   -0.0046319495
   -0.0070911954
   -0.0103349262
   -0.0127816881
   -0.0134294797
   -0.0125449996
   -0.0108899614
   -0.0022024201
   -0.0031798245
   -0.0046177057
   -0.0073269448
   -0.0143109692
   -0.0248726419
   -0.0306303884
   -0.0286708424
   -0.0231052072
   -0.0174833465
   -0.0024422310
   -0.0044005755
   -0.0085728756
   -0.0182741043
   -0.0406516273
   -0.0718159655
   -0.0794982285
   -0.0600307268
   -0.0387849799
   -0.0247204192
   -0.0020307895
   -0.0040535114
   -0.0086446065
   -0.0198133670
   -0.0453889474
   -0.0753307967
   -0.0864293635
   -0.0689697963
   -0.0411277515
   -0.0240761346
   -0.0004412141
   -0.0011148817
   -0.0024225223
   -0.0049160618
   -0.0095631430
   -0.0175980709
   -0.0267330300
   -0.0256444732
   -0.0181148074
   -0.0116871904
    0.0022065848
    0.0032559068
    0.0053001373
    0.0094955415
    0.0174013402
    0.0255515460
    0.0208270741
    0.0107913960
    0.0049375058
    0.0021769070
    0.0050897295
    0.0071866489
    0.0104303591
    0.0162451938
    0.0273532163
    0.0402016841
    0.0390166529
    0.0271005850
    0.0168243592
    0.0103480524
    0.0071572677
    0.0097704195
    0.0135186104
    0.0193793085
    0.0278957807
    0.0352183542
    0.0338390771
    0.0258301096
    0.0179589150
    0.0122828818
    0.0076359600
    0.0100406717
    0.0132027638
    0.0171466339
    0.0208821460
    0.0224703900
    0.0211099257
    0.0177909619
    0.0140222732
    0.0107054030
    0.0068817836
    0.0086004725
    0.0105940863
    0.0126189985
    0.0140951420
    0.0144400973
    0.0136244529
    0.0120681713
    0.0102302106
    0.0084289675
   -0.0012386863
   -0.0013989405
   -0.0014484507
   -0.0017740846
   -0.0039559129
   -0.0081705280
   -0.0116578462
   -0.0128587903
   -0.0121994010
   -0.0106326825
   -0.0010130597
   -0.0012105407
   -0.0002270571
    0.0055982346
    0.0037396531
   -0.0193778084
   -0.0315610993
   -0.0301716390
   -0.0238334445
   -0.0176657002
   -0.0008796974
   -0.0018717494
   -0.0042064889
   -0.0091353578
   -0.0318166868
   -0.0805862641
   -0.0973444041
   -0.0748585070
   -0.0439063966
   -0.0260740945
   -0.0007820350
   -0.0018681045
   -0.0046675457
   -0.0114695912
   -0.0297267301
   -0.0879415017
   -0.0486557969
   -0.0255963566
   -0.0001528068
   -0.0005032769
   -0.0011068367
   -0.0014027352
    0.0018042439
    0.0109302092
   -0.0183901649
   -0.0281885889
   -0.0184558747
   -0.0109222631
    0.0020030629
    0.0031985337
    0.0059776691
    0.0128880780
    0.0317989942
    0.0779237822
    0.0509442371
    0.0188022978
    0.0088026951
    0.0044597036
    0.0052978055
    0.0075680053
    0.0104795790
    0.0156407469
    0.0376823360
    0.0964580591
    0.0809916403
    0.0406251965
    0.0218223304
    0.0127018582
    0.0079596995
    0.0110703387
    0.0153019511
    0.0232962338
    0.0393447515
    0.0576833072
    0.0521418474
    0.0339895647
    0.0214164683
    0.0139734060
    0.0084046146
    0.0113222175
    0.0154745549
    0.0219543575
    0.0287559345
    0.0296641027
    0.0259251457
    0.0206786365
    0.0156881844
    0.0116896445
    0.0074130388
    0.0094833127
    0.0120524017
    0.0148868041
    0.0169305765
    0.0170347606
    0.0155208769
    0.0133374007
    0.0110664003
    0.0089858789
   -0.0005015721
   -0.0003624052
    0.0001319708
    0.0008155297
   -0.0007104844
   -0.0053263142
   -0.0093062415
   -0.0109657398
   -0.0107698107
   -0.0095969885
    0.0002849317
    0.0006825738
    0.0040442198
    0.0441884945
   -0.0016130841
   -0.0243592832
   -0.0256554214
   -0.0210235430
   -0.0159015758
    0.0012918430
    0.0021097956
    0.0030441367
    0.0251898659
    0.0647535281
    0.0048460734
   -0.0598945508
   -0.0644033561
   -0.0392443707
   -0.0234696631
    0.0009204967
    0.0015777291
    0.0022883246
    0.0152886150
    0.1801768610
   -0.0722384148
   -0.0428236990
   -0.0223145354
   -0.0002198311
   -0.0004855904
   -0.0012377503
   -0.0011072490
    0.0206439510
    0.0384404212
   -0.0136481548
   -0.0112518914
   -0.0070405798
    0.0009291353
    0.0017107067
    0.0049948415
    0.0166512521
    0.0492928027
    0.0268156624
    0.0137526576
    0.0073802996
    0.0050819572
    0.0076844438
    0.0096445881
    0.0087199965
    0.0642768563
    0.0471279883
    0.0236971384
    0.0138714323
    0.0088879121
    0.0133601626
    0.0182070477
    0.0311766467
    0.0613858949
    0.0846515016
    0.0643436945
    0.0360539142
    0.0219441198
    0.0143234678
    0.0089759874
    0.0123461573
    0.0174451559
    0.0319384752
    0.0570574312
    0.0416591758
    0.0287153224
    0.0214990168
    0.0160063846
    0.0118689742
    0.0076916815
    0.0100339050
    0.0131332781
    0.0169425342
    0.0196994141
    0.0191443656
    0.0166008813
    0.0138339707
    0.0113071591
    0.0091186387
    0.0000918936
    0.0003090041
    0.0006994225
    0.0011774533
    0.0000767655
   -0.0032406534
   -0.0063756123
   -0.0081444631
   -0.0085212925
   -0.0079552052
    0.0014782807
    0.0021340836
    0.0038294504
    0.0365143144
    0.0037432094
   -0.0129545623
   -0.0166467646
   -0.0154158820
   -0.0125780472
    0.0039229066
    0.0100411325
    0.0406373065
    0.1681346031
   -0.0077442292
   -0.0341252645
   -0.0262301630
   -0.0175956824
    0.0027861432
    0.0064629739
    0.0124717627
    0.0359799302
    0.1004639679
   -0.0333747499
   -0.0252514407
   -0.0151471234
   -0.0009307032
   -0.0015245631
   -0.0033407236
   -0.0051054375
    0.1145575393
    0.0421401322
    0.0061069988
   -0.0006846985
   -0.0015317643
   -0.0027023159
   -0.0003348163
    0.0327590181
    0.1976505012
    0.2394019506
    0.0563425596
    0.0225119798
    0.0105420013
    0.0040419465
    0.0078820057
    0.0134627830
    0.0259094410
    0.0904155010
    0.0331241369
    0.0208629526
    0.0134011380
    0.0099917087
    0.0219210784
    0.1640801529
    0.1044458977
    0.0429937435
    0.0268179358
    0.0186919772
    0.0131209314
    0.0091742427
    0.0130616728
    0.0187099611
    0.0518093012
    0.0587408930
    0.0266055255
    0.0194346453
    0.0147406368
    0.0111601939
    0.0075975828
    0.0100195667
    0.0132756279
    0.0174648976
    0.0204506371
    0.0192410724
    0.0161455020
    0.0132875039
    0.0108506427
    0.0087838176
    0.0004969715
    0.0007042300
    0.0008210694
    0.0008156982
    0.0002696641
   -0.0011731867
   -0.0032447305
   -0.0050792077
   -0.0060110930
   -0.0060710840
    0.0022995075
    0.0032882061
    0.0036600351
    0.0113657537
    0.0246475378
    0.0155334169
   -0.0007045344
   -0.0075070505
   -0.0093487994
   -0.0087893678
    0.0057974084
    0.0189593325
    0.0126224798
   -0.0108171114
   -0.0135481661
   -0.0111644803
    0.0039036116
    0.0107342591
    0.0264045287
    0.0490914069
    0.2246829319
    0.2981416650
    0.0283456844
   -0.0089999178
   -0.0102413587
   -0.0080055923
   -0.0023995528
   -0.0036044599
   -0.0036999255
    0.0157856555
    0.0195147026
    0.0042874613
   -0.0055277901
   -0.0117090696
   -0.0197196376
    0.0349135985
    0.1599579421
    0.0279478230
    0.0118825413
    0.0010535351
    0.0037997980
    0.0124247680
    0.0491940527
    0.0283299399
    0.0181228544
    0.0160159154
    0.0116004655
    0.0095032919
    0.0327165028
    0.1405292143
    0.0209169967
    0.0162165685
    0.0140609199
    0.0109789303
    0.0085423146
    0.0127328260
    0.0186969371
    0.0388513711
    0.0333165050
    0.0198831947
    0.0156924239
    0.0124907718
    0.0098177437
    0.0070508800
    0.0093021425
    0.0121669404
    0.0154447347
    0.0174489233
    0.0164712553
    0.0141356066
    0.0118512342
    0.0098209518
    0.0080576785
    0.0007106829
    0.0009533635
    0.0010951147
    0.0012763067
    0.0015405802
    0.0011257987
   -0.0005532867
   -0.0025064017
   -0.0038076800
   -0.0043240287
    0.0024624269
    0.0034785872
    0.0035524254
    0.0056206123
    0.0290671757
    0.0382989942
    0.0090330709
   -0.0011616540
   -0.0046829236
   -0.0055463546
    0.0053842516
    0.0135245929
    0.0421067177
    0.0510722713
    0.0159362487
   -0.0011136661
   -0.0057450851
   -0.0062587483
    0.0033143291
    0.0095433489
    0.0237376169
    0.0551166692
    0.0312069929
   -0.0041257093
   -0.0033116202
   -0.0032257192
   -0.0034922395
   -0.0043562421
   -0.0066882882
   -0.0054122109
    0.0467498899
    0.0834849858
    0.0268150604
    0.0259072814
    0.0130946482
    0.0049322338
   -0.0098793477
   -0.0223790686
   -0.0470570296
    0.2451019940
    0.0518525046
    0.0315450067
    0.0184129448
    0.0097663112
   -0.0038937744
   -0.0086531773
   -0.0204094552
   -0.0169238601
    0.0674599650
    0.0621433031
    0.0144356198
    0.0115913617
    0.0113008262
    0.0090214458
    0.0055421720
    0.0154389084
    0.1495696363
    0.0145558685
    0.0111044023
    0.0102857510
    0.0086568192
    0.0067740142
    0.0100912725
    0.0147449216
    0.0231793830
    0.0266262682
    0.0191864308
    0.0148258168
    0.0122374854
    0.0100927978
    0.0082211719
    0.0060844314
    0.0079650631
    0.0101975877
    0.0123673254
    0.0134687204
    0.0129977747
    0.0116291312
    0.0100321941
    0.0084864065
    0.0070905142
    0.0007441133
    0.0010389523
    0.0013230123
    0.0017530044
    0.0023077501
    0.0021740496
    0.0008255075
   -0.0009196745
   -0.0022445443
   -0.0029540682
    0.0020836678
    0.0029382504
    0.0033838840
    0.0051539698
    0.0142342541
    0.0182328702
    0.0083141274
    0.0013547552
   -0.0019678006
   -0.0032892840
    0.0036546773
    0.0068933735
    0.0097705555
    0.0097244871
    0.0221382723
    0.0282178899
    0.0108724568
    0.0017635353
   -0.0020088393
   -0.0032775705
    0.0015335541
    0.0052112034
    0.0135876450
    0.0310670863
    0.0404517196
    0.0136530237
    0.0003933654
   -0.0005196377
   -0.0008329145
   -0.0014375742
   -0.0060552109
   -0.0096557613
   -0.0125392778
   -0.0001563283
    0.0263275433
    0.0043643162
    0.0018416974
    0.0061204855
    0.0056318259
    0.0032259928
   -0.0124584079
   -0.0269903305
   -0.0574170723
   -0.0166740110
   -0.0013325792
    0.0083501170
    0.0085399260
    0.0061386912
   -0.0079806589
   -0.0175133914
   -0.0389882470
   -0.0631991950
   -0.0428316003
   -0.0131258226
    0.0002616892
    0.0053387303
    0.0067927963
    0.0062164105
    0.0009504544
    0.0016102023
    0.0021293892
    0.0229651246
    0.0614579422
    0.0121958454
    0.0080906091
    0.0073577789
    0.0064988092
    0.0044675449
    0.0064457957
    0.0093558646
    0.0147147927
    0.0216133115
    0.0176466694
    0.0121369434
    0.0095266328
    0.0079186462
    0.0066297641
    0.0048728146
    0.0063028866
    0.0079589703
    0.0095202393
    0.0103860217
    0.0102280902
    0.0093503498
    0.0082147211
    0.0070780284
    0.0060288678
    0.0006328702
    0.0009372869
    0.0012731283
    0.0016980340
    0.0020921539
    0.0019544652
    0.0010222114
   -0.0002529742
   -0.0013338489
   -0.0020165765
    0.0014907444
    0.0022013728
    0.0029184562
    0.0042440827
    0.0068085624
    0.0076681591
    0.0048521560
    0.0014802687
   -0.0007791313
   -0.0019566295
    0.0019848207
    0.0035667054
    0.0051360727
    0.0067031315
    0.0093018805
    0.0097125132
    0.0057782222
    0.0017809925
   -0.0006126881
   -0.0017501179
   -0.0002791457
    0.0012702865
    0.0047447168
    0.0102157850
    0.0120435540
    0.0062861739
    0.0015462385
    0.0001516151
   -0.0003413777
   -0.0007646166
   -0.0067987311
   -0.0106321479
   -0.0153936243
   -0.0183748513
   -0.0166284234
   -0.0117559270
   -0.0051317811
   -0.0002761573
    0.0014873440
    0.0014092478
   -0.0123843131
   -0.0238040711
   -0.0450997498
   -0.0664708174
   -0.0633911643
   -0.0436533548
   -0.0148614213
   -0.0015318410
    0.0025134499
    0.0030222591
   -0.0093220208
   -0.0178398554
   -0.0329007545
   -0.0490880249
   -0.0454246000
   -0.0243688389
   -0.0077329272
    0.0001335675
    0.0030828901
    0.0037331762
   -0.0018526942
   -0.0032160954
   -0.0042573609
    0.0007004321
    0.0157129143
    0.0124997605
    0.0061833838
    0.0049725245
    0.0048741841
    0.0046091717
    0.0024402427
    0.0034603111
    0.0052545288
    0.0086134361
    0.0122904291
    0.0115529251
    0.0088124287
    0.0070446822
    0.0059791298
    0.0051602205
    0.0036463570
    0.0046531604
    0.0058368336
    0.0070062634
    0.0077672406
    0.0078110212
    0.0072751649
    0.0065083049
    0.0057202600
    0.0049765506
    0.0004318242
    0.0006944039
    0.0009819136
    0.0012806535
    0.0014726303
    0.0013171317
    0.0007154204
   -0.0001189260
   -0.0008901665
   -0.0014390688
    0.0008839194
    0.0014178721
    0.0020313444
    0.0028125613
    0.0036280405
    0.0036781616
    0.0025326642
    0.0009165255
   -0.0004234025
   -0.0012699416
    0.0007255749
    0.0015645793
    0.0025676775
    0.0036365511
    0.0044774197
    0.0042557249
    0.0027646865
    0.0009936565
   -0.0003226291
   -0.0010911272
   -0.0015134554
   -0.0011830943
   -0.0002043667
    0.0012404823
    0.0018792331
    0.0010247614
    0.0000091836
   -0.0004042503
   -0.0005495211
   -0.0006865340
   -0.0065382510
   -0.0096262101
   -0.0132449218
   -0.0159684846
   -0.0155659592
   -0.0115893006
   -0.0064908595
   -0.0026252685
   -0.0005836639
    0.0001412303
   -0.0105869850
   -0.0177628430
   -0.0282764144
   -0.0385392268
   -0.0391047215
   -0.0271713320
   -0.0131973026
   -0.0044891464
   -0.0004705926
    0.0009771498
   -0.0085699136
   -0.0142451540
   -0.0219723994
   -0.0283703908
   -0.0269451876
   -0.0178003747
   -0.0083107542
   -0.0022824022
    0.0007171393
    0.0018996418
   -0.0029645909
   -0.0044287083
   -0.0055099037
   -0.0045526845
   -0.0013659093
    0.0007890386
    0.0016271193
    0.0023543593
    0.0028918179
    0.0030692751
    0.0010121186
    0.0014552331
    0.0024011212
    0.0040567921
    0.0057321325
    0.0060928579
    0.0054530623
    0.0047874127
    0.0042984650
    0.0038758355
    0.0025755353
    0.0032378278
    0.0040347614
    0.0048538488
    0.0054527409
    0.0056196586
    0.0053921001
    0.0049658115
    0.0044841240
    0.0040012186
